List of meeting pairs with conflict attendee: [[451609, 451610], [333620, 333613], [333620, 316806], [4364122, 569], [316654, 316612], [559, 560], [511208, 511209], [212404, 211412], [110020, 110077], [110020, 600], [511112, 511113], [511112, 511111], [316612, 316467], [433470, 433670], [433470, 433676], [511113, 511111], [600, 110077], [433670, 433676], [524, 316806], [316467, 316335]]
% of conflict: 20 / 1225 = 1.63265306122 %

List of meeting pairs with conflict attendee: [[4364122, 569], [511208, 511209], [333620, 333613], [333620, 316806], [316467, 316335], [316467, 316612], [316806, 333819], [316806, 524], [433676, 433470], [433676, 433670], [511113, 511112], [560, 559], [600, 110077], [600, 110020], [316654, 316612], [451609, 451610], [110077, 110020], [212404, 211412], [433670, 433470]]
% of conflict: 19 / 1225 = 1.55102040816 %

List of meeting pairs with conflict attendee: [[110020, 600], [560, 559], [4364122, 569], [316612, 316654], [316612, 316467], [333613, 333620], [211412, 212404], [316335, 316467], [451610, 451609], [433670, 433470], [433670, 433676], [333819, 316806], [511113, 511111], [511113, 511112], [511111, 511112], [316806, 333620], [316806, 524], [433470, 433676], [511209, 511208]]
% of conflict: 19 / 1225 = 1.55102040816 %

List of meeting pairs with conflict attendee: [[316335, 316467], [560, 559], [511113, 511111], [511113, 511112], [433676, 433470], [433676, 433670], [451609, 451610], [333613, 333620], [433470, 433670], [569, 4364122], [600, 110077], [600, 110020], [511111, 511112], [511209, 511208], [316654, 316612], [211412, 212404], [316467, 316612], [110077, 110020]]
% of conflict: 18 / 1225 = 1.4693877551 %

List of meeting pairs with conflict attendee: [[451609, 451610], [600, 110077], [600, 110020], [110020, 110077], [316654, 316612], [511113, 511111], [511113, 511112], [559, 560], [569, 4364122], [511208, 511209], [316806, 333819], [316806, 333620], [433676, 433470], [433676, 433670], [211412, 212404], [333620, 333613], [316467, 316335], [316467, 316612], [433670, 433470], [511111, 511112]]
% of conflict: 20 / 1225 = 1.63265306122 %

List of meeting pairs with conflict attendee: [[511113, 511111], [316467, 316335], [316467, 316612], [511209, 511208], [451609, 451610], [316806, 333819], [316806, 333620], [316806, 524], [560, 559], [316612, 316654], [600, 110077], [600, 110020], [433670, 433470], [433670, 433676], [433470, 433676], [211412, 212404], [569, 4364122], [110077, 110020], [333613, 333620]]
% of conflict: 19 / 1225 = 1.55102040816 %

List of meeting pairs with conflict attendee: [[433676, 433470], [433676, 433670], [433470, 433670], [600, 110077], [600, 110020], [316335, 316467], [524, 316806], [316612, 316654], [316612, 316467], [110020, 110077], [511111, 511113], [569, 4364122], [316806, 333819], [316806, 333620], [560, 559], [333613, 333620], [212404, 211412], [511209, 511208], [451609, 451610]]
% of conflict: 19 / 1225 = 1.55102040816 %

List of meeting pairs with conflict attendee: [[451609, 451610], [316335, 316467], [4364122, 569], [433670, 433470], [433670, 433676], [511111, 511113], [511111, 511112], [511113, 511112], [333613, 333620], [212404, 211412], [600, 110077], [524, 316806], [333620, 316806], [560, 559], [316612, 316654], [316612, 316467], [511209, 511208], [433676, 433470], [333819, 316806]]
% of conflict: 19 / 1225 = 1.55102040816 %

List of meeting pairs with conflict attendee: [[511111, 511113], [511111, 511112], [433676, 433470], [433676, 433670], [316654, 316612], [451609, 451610], [433470, 433670], [333613, 333620], [524, 316806], [211412, 212404], [511208, 511209], [569, 4364122], [110020, 110077], [110020, 600], [511113, 511112], [316806, 333819], [316806, 333620], [560, 559], [316612, 316467], [110077, 600], [316467, 316335]]
% of conflict: 21 / 1225 = 1.71428571429 %

List of meeting pairs with conflict attendee: [[600, 110077], [600, 110020], [524, 316806], [212404, 211412], [451609, 451610], [333819, 316806], [316335, 316467], [316612, 316654], [316612, 316467], [511111, 511112], [511111, 511113], [316806, 333620], [511112, 511113], [110077, 110020], [433470, 433670], [433470, 433676], [569, 4364122], [333613, 333620], [433670, 433676], [511208, 511209]]
% of conflict: 20 / 1225 = 1.63265306122 %


Num_Meeting: 51

Conflict: {0: [[[451609, 451610], [333620, 333613], [333620, 316806], [4364122, 569], [316654, 316612], [559, 560], [511208, 511209], [212404, 211412], [110020, 110077], [110020, 600], [511112, 511113], [511112, 511111], [316612, 316467], [433470, 433670], [433470, 433676], [511113, 511111], [600, 110077], [433670, 433676], [524, 316806], [316467, 316335]], '1.63265306122'], 1: [[[4364122, 569], [511208, 511209], [333620, 333613], [333620, 316806], [316467, 316335], [316467, 316612], [316806, 333819], [316806, 524], [433676, 433470], [433676, 433670], [511113, 511112], [560, 559], [600, 110077], [600, 110020], [316654, 316612], [451609, 451610], [110077, 110020], [212404, 211412], [433670, 433470]], '1.55102040816'], 2: [[[110020, 600], [560, 559], [4364122, 569], [316612, 316654], [316612, 316467], [333613, 333620], [211412, 212404], [316335, 316467], [451610, 451609], [433670, 433470], [433670, 433676], [333819, 316806], [511113, 511111], [511113, 511112], [511111, 511112], [316806, 333620], [316806, 524], [433470, 433676], [511209, 511208]], '1.55102040816'], 3: [[[316335, 316467], [560, 559], [511113, 511111], [511113, 511112], [433676, 433470], [433676, 433670], [451609, 451610], [333613, 333620], [433470, 433670], [569, 4364122], [600, 110077], [600, 110020], [511111, 511112], [511209, 511208], [316654, 316612], [211412, 212404], [316467, 316612], [110077, 110020]], '1.4693877551'], 4: [[[451609, 451610], [600, 110077], [600, 110020], [110020, 110077], [316654, 316612], [511113, 511111], [511113, 511112], [559, 560], [569, 4364122], [511208, 511209], [316806, 333819], [316806, 333620], [433676, 433470], [433676, 433670], [211412, 212404], [333620, 333613], [316467, 316335], [316467, 316612], [433670, 433470], [511111, 511112]], '1.63265306122'], 5: [[[511113, 511111], [316467, 316335], [316467, 316612], [511209, 511208], [451609, 451610], [316806, 333819], [316806, 333620], [316806, 524], [560, 559], [316612, 316654], [600, 110077], [600, 110020], [433670, 433470], [433670, 433676], [433470, 433676], [211412, 212404], [569, 4364122], [110077, 110020], [333613, 333620]], '1.55102040816'], 6: [[[433676, 433470], [433676, 433670], [433470, 433670], [600, 110077], [600, 110020], [316335, 316467], [524, 316806], [316612, 316654], [316612, 316467], [110020, 110077], [511111, 511113], [569, 4364122], [316806, 333819], [316806, 333620], [560, 559], [333613, 333620], [212404, 211412], [511209, 511208], [451609, 451610]], '1.55102040816'], 7: [[[451609, 451610], [316335, 316467], [4364122, 569], [433670, 433470], [433670, 433676], [511111, 511113], [511111, 511112], [511113, 511112], [333613, 333620], [212404, 211412], [600, 110077], [524, 316806], [333620, 316806], [560, 559], [316612, 316654], [316612, 316467], [511209, 511208], [433676, 433470], [333819, 316806]], '1.55102040816'], 8: [[[511111, 511113], [511111, 511112], [433676, 433470], [433676, 433670], [316654, 316612], [451609, 451610], [433470, 433670], [333613, 333620], [524, 316806], [211412, 212404], [511208, 511209], [569, 4364122], [110020, 110077], [110020, 600], [511113, 511112], [316806, 333819], [316806, 333620], [560, 559], [316612, 316467], [110077, 600], [316467, 316335]], '1.71428571429'], 9: [[[600, 110077], [600, 110020], [524, 316806], [212404, 211412], [451609, 451610], [333819, 316806], [316335, 316467], [316612, 316654], [316612, 316467], [511111, 511112], [511111, 511113], [316806, 333620], [511112, 511113], [110077, 110020], [433470, 433670], [433470, 433676], [569, 4364122], [333613, 333620], [433670, 433676], [511208, 511209]], '1.63265306122']}

0:109004
0:None
0:None
0:None
0:[9817, 10380, 13006, 16014, 16062, 20147]

1:433470
1:None
1:None
1:None
1:[1525, 4892, 5922, 13958, 16197, 20303]

2:316654
2:None
2:None
2:None
2:[431, 1004, 1563, 5521, 10520, 16851, 20503]

3:655331
3:None
3:None
3:None
3:[3451, 7674, 8010, 8166, 8355, 9569, 11279]

4:110077
4:None
4:None
4:None
4:[1725, 2443, 2826, 3807, 4447, 5224, 8007, 20257]

5:115014
5:None
5:None
5:None
5:[7239, 7631, 8460, 9585, 10295, 12351, 13900, 13902]

6:451609
6:None
6:None
6:None
6:[1460, 9647, 9669, 14093, 14672, 14956, 15170, 20272]

7:325613
7:None
7:None
7:None
7:[11, 69, 11186, 11251, 14039, 14210, 14562, 15761, 20414]

8:333620
8:None
8:None
8:None
8:[1681, 1776, 6812, 9380, 9584, 9617, 9650, 10396, 10405]

9:421602
9:None
9:None
9:None
9:[10973, 14162, 14460, 14542, 14570, 14818, 15168, 15172, 15186]

10:512450
10:None
10:None
10:None
10:[231, 2464, 2518, 3409, 3507, 3863, 8770, 8789, 15703]

11:110133
11:None
11:None
11:None
11:[1119, 2578, 3470, 4601, 6823, 7105, 7908, 12736, 12996, 20479]

12:316335
12:None
12:None
12:None
12:[219, 246, 2852, 3304, 4095, 6845, 8495, 8811, 8927, 15695]

13:325401
13:None
13:None
13:None
13:[264, 2165, 2528, 2890, 3167, 4273, 5258, 5363, 10719, 20204]

14:433676
14:None
14:None
14:None
14:[413, 1104, 2192, 2674, 3201, 6866, 13958, 13998, 14601, 14607]

15:109001
15:None
15:None
15:None
15:[1068, 3521, 3787, 4251, 9302, 10486, 11549, 12450, 15211, 20347, 20506]

16:451610
16:None
16:None
16:None
16:[449, 1460, 1664, 5568, 9703, 14050, 14093, 14956, 15170, 15191, 20272]

17:560
17:None
17:None
17:None
17:[32, 79, 3951, 4038, 6886, 9283, 13559, 20339, 20390, 20557, 20606]

18:316467
18:None
18:None
18:None
18:[5, 280, 471, 509, 683, 839, 1959, 2828, 2852, 3605, 14863, 20397]

19:526307
19:None
19:None
19:None
19:[1020, 2536, 4189, 4992, 8247, 8321, 9188, 9751, 10948, 14125, 14149, 16137]

20:316403
20:None
20:None
20:None
20:[157, 500, 643, 1597, 1905, 2579, 3135, 3145, 3206, 3226, 3354, 3674, 5232]

21:5118152
21:None
21:None
21:None
21:[14610, 16243, 16244, 16246, 16259, 16261, 16383, 20385, 20436, 20476, 20477, 20484, 20556, 20598]

22:625331
22:None
22:None
22:None
22:[1567, 2592, 2968, 4305, 4827, 5000, 6330, 6430, 7780, 7788, 7949, 14247, 14248, 14250]

23:110020
23:None
23:None
23:None
23:[746, 1084, 1759, 1925, 2416, 2462, 2623, 4047, 4289, 4447, 5600, 8288, 9366, 14066, 14996]

24:110043
24:None
24:None
24:None
24:[895, 2425, 6153, 6972, 8986, 11098, 12341, 14341, 14459, 15360, 16451, 17512, 18388, 18781, 20323]

25:211412
25:None
25:None
25:None
25:[148, 1112, 2780, 3368, 3662, 3851, 4218, 4230, 4376, 4420, 4576, 4609, 4924, 5027, 7052]

26:333819
26:None
26:None
26:None
26:[441, 3148, 9916, 9990, 14094, 14464, 14506, 14535, 14613, 14821, 14829, 14830, 20124, 20189, 20260]

27:433670
27:None
27:None
27:None
27:[3504, 4892, 9346, 9693, 10709, 13998, 14163, 14305, 14594, 14607, 14826, 16197, 20303, 20320, 20321]

28:534303
28:None
28:None
28:None
28:[1877, 1920, 2005, 2033, 2867, 2996, 3205, 4835, 6015, 7194, 7350, 7587, 8341, 8974, 9323]

29:559
29:None
29:None
29:None
29:[692, 3931, 4041, 4042, 5593, 5783, 6465, 9283, 9326, 13566, 13567, 13568, 13569, 13570, 20606]

30:436466
30:None
30:None
30:None
30:[216, 286, 404, 440, 1489, 1724, 2387, 2660, 2758, 4775, 14450, 14451, 14452, 14890, 15120, 16250]

31:4364122
31:None
31:None
31:None
31:[529, 593, 939, 1103, 1655, 1839, 2295, 2442, 3397, 3797, 3914, 3991, 4039, 4476, 5126, 5163, 9286]

32:606303
32:None
32:None
32:None
32:[233, 1095, 1539, 2510, 2665, 2720, 4243, 4352, 4441, 5519, 5879, 6360, 7550, 7714, 7902, 8003, 14130]

33:316612
33:None
33:None
33:None
33:[1004, 1312, 1563, 2331, 2451, 9345, 9373, 10520, 13987, 15189, 16851, 19929, 19979, 20233, 20397, 20515, 20522, 20650]

34:511111
34:None
34:None
34:None
34:[2475, 12846, 13784, 15862, 16878, 16886, 16929, 16936, 17060, 17117, 17204, 18175, 19577, 19843, 19954, 19983, 20065, 20166]

35:511208
35:None
35:None
35:None
35:[369, 2453, 5915, 7234, 8551, 11422, 11465, 11779, 11876, 12270, 12813, 13050, 13056, 13179, 13719, 13727, 13781, 13782]

36:516301
36:None
36:None
36:None
36:[665, 1296, 1968, 2232, 4499, 4574, 5057, 5084, 6506, 7273, 7619, 7774, 8075, 8530, 8667, 9204, 13628, 16300]

37:640251
37:None
37:None
37:None
37:[2076, 2934, 5480, 7921, 8403, 10046, 10190, 10234, 10726, 11453, 12479, 12669, 12735, 12957, 13220, 13523, 20214, 20542]

38:569
38:None
38:None
38:None
38:[529, 593, 939, 1103, 1655, 1839, 1951, 2295, 2442, 3397, 3797, 3914, 3991, 4039, 4476, 5126, 5163, 9286]

39:107104
39:None
39:None
39:None
39:[74, 136, 279, 838, 1144, 1755, 1765, 1829, 3757, 4185, 4387, 4669, 5386, 5683, 5973, 6061, 6570, 7923, 8722]

40:110064
40:None
40:None
40:None
40:[4459, 5733, 8181, 8544, 14711, 16052, 16953, 17092, 17360, 17838, 17980, 18243, 19038, 19233, 19907, 20076, 20162, 20212, 20345]

41:300406
41:None
41:None
41:None
41:[1376, 1702, 1706, 2222, 3095, 3097, 3278, 3312, 3584, 3732, 3782, 3799, 4112, 4862, 4917, 5572, 9579, 9625, 20495]

42:511112
42:None
42:None
42:None
42:[2475, 12846, 13244, 13784, 15862, 16878, 16886, 16929, 16936, 17060, 17117, 17204, 18175, 19577, 19843, 19954, 19983, 20065, 20166]

43:511113
43:None
43:None
43:None
43:[2475, 12846, 13244, 13784, 15862, 16878, 16886, 16929, 16936, 17060, 17117, 17204, 18175, 19577, 19843, 19954, 19983, 20065, 20166]

44:511209
44:None
44:None
44:None
44:[369, 2453, 5313, 5915, 7234, 8551, 11422, 11465, 11779, 11876, 12270, 12813, 13050, 13056, 13179, 13719, 13727, 13781, 13782]

45:600
45:None
45:None
45:None
45:[1514, 1725, 4239, 5224, 5310, 6278, 6456, 7272, 7295, 7568, 7724, 8007, 8288, 8492, 8715, 8732, 9065, 9985, 10100]

46:524
46:None
46:None
46:None
46:[1666, 1918, 2066, 2249, 2371, 2473, 2576, 2632, 2668, 2820, 2928, 2931, 3039, 3060, 4274, 9357, 9425, 9666, 20306]

47:212404
47:None
47:None
47:None
47:[763, 832, 1112, 2013, 2048, 2424, 3697, 4218, 4268, 4420, 4576, 4578, 4952, 5027, 5205, 5306, 14104, 14902, 19910, 19911]

48:316806
48:None
48:None
48:None
48:[441, 1313, 3374, 9916, 10396, 13576, 14464, 14613, 14793, 14809, 14820, 14821, 14822, 14829, 14830, 15187, 15671, 16581, 20124, 20306]

49:333613
49:None
49:None
49:None
49:[95, 140, 1310, 1681, 1776, 1803, 3146, 6895, 9380, 9440, 9584, 9617, 9650, 9677, 9678, 9700, 9701, 13592, 14183, 20141]

50:431468
50:None
50:None
50:None
50:[173, 224, 256, 452, 554, 733, 942, 1572, 1691, 1840, 1844, 1864, 2502, 2631, 2824, 3823, 5064, 14404, 14463, 15122]

