List of meeting pairs with conflict attendee: [[110130, 110028], [110130, 433480], [316470, 316462], [316470, 333613], [421421, 620381], [161011, 161015], [161011, 115022], [433480, 433448], [433480, 433676], [433480, 110028], [433480, 433475], [110048, 110133], [110048, 740340], [110048, 121023], [161015, 115022], [212409, 212406], [451207, 451208], [431466, 431468], [1101601, 1101602], [433448, 433676], [433448, 640351], [433448, 433475], [433448, 433470], [433676, 433470], [433676, 433475], [110133, 121023], [316462, 316804], [433470, 433475], [333620, 333613], [333641, 325661]]
% of conflict: 30 / 1225 = 2.44897959184 %

List of meeting pairs with conflict attendee: [[421412, 421421], [421412, 625303], [421412, 640351], [625303, 567], [567, 451609], [567, 451207], [316654, 316611], [161011, 161015], [161011, 733213], [212406, 212409], [212406, 212404], [212409, 212404], [733213, 316335], [451207, 115012], [433676, 433480], [433676, 433475], [316804, 316462], [115012, 161015], [1101602, 1101601], [325661, 333641], [654301, 606309], [325407, 325401], [316335, 161015], [316462, 316470], [110133, 110048], [433480, 433475], [316470, 316611]]
% of conflict: 27 / 1225 = 2.20408163265 %

List of meeting pairs with conflict attendee: [[110133, 110048], [110133, 121023], [433480, 110028], [436414, 436415], [451207, 451208], [451207, 115012], [451207, 567], [733213, 316335], [212406, 212404], [212207, 620031], [316806, 333620], [161015, 316335], [161015, 115012], [325407, 325401], [121023, 110048], [451208, 567], [620381, 421421], [421412, 421421], [567, 451609], [333620, 333613]]
% of conflict: 20 / 1225 = 1.63265306122 %

List of meeting pairs with conflict attendee: [[433676, 433480], [433676, 433448], [433676, 433470], [567, 451609], [567, 625303], [161015, 316335], [161015, 115022], [316611, 316654], [1101602, 1101601], [110130, 110028], [110130, 433480], [316335, 733213], [620031, 212207], [115022, 115014], [316804, 316462], [433470, 433448], [433448, 433480], [433448, 640351], [431468, 431466], [110028, 433480]]
% of conflict: 20 / 1225 = 1.63265306122 %

List of meeting pairs with conflict attendee: [[316470, 316611], [212406, 212409], [212406, 212404], [316611, 316654], [421421, 620381], [115012, 161015], [110028, 110130], [620321, 433470], [325401, 325407], [433475, 433448], [433475, 433470], [451609, 567], [161011, 161015], [161011, 733213], [110048, 110133], [110048, 121023], [212409, 212404], [121023, 110133], [433448, 640351], [433448, 433470], [436414, 436415]]
% of conflict: 21 / 1225 = 1.71428571429 %

List of meeting pairs with conflict attendee: [[316335, 161015], [316335, 733213], [431466, 431468], [110130, 110028], [316462, 316470], [433676, 433475], [161011, 161015], [161011, 115014], [161011, 733213], [333641, 325661], [1101601, 1101602], [451207, 451208], [316806, 333816], [316806, 333620], [333620, 333613], [110048, 110133], [110048, 740340], [436414, 436415], [316470, 333613]]
% of conflict: 19 / 1225 = 1.55102040816 %

List of meeting pairs with conflict attendee: [[421412, 421421], [161015, 316335], [161015, 161011], [161015, 115022], [433470, 433676], [433470, 433475], [431466, 431468], [325407, 325401], [110133, 121023], [316462, 316470], [316462, 316804], [333641, 325661], [433475, 433676], [212404, 212409], [436414, 436415], [606309, 654301], [115022, 115014], [115022, 161011], [620381, 421421], [115014, 161011], [1101601, 1101602]]
% of conflict: 21 / 1225 = 1.71428571429 %

List of meeting pairs with conflict attendee: [[625303, 567], [625303, 421412], [1101601, 1101602], [316335, 161015], [316335, 733213], [325661, 333641], [606309, 654301], [161015, 115012], [640351, 433448], [640351, 421412], [212406, 212404], [421421, 421412], [421421, 620381], [433470, 620321], [433470, 433448], [433470, 433676], [433448, 433480], [433448, 433676], [110048, 110133], [110048, 740340], [110048, 121023], [567, 451207], [567, 451208], [433480, 433676], [115012, 451207], [451207, 451208], [325401, 325407], [121023, 110133]]
% of conflict: 28 / 1225 = 2.28571428571 %

List of meeting pairs with conflict attendee: [[161015, 316335], [161015, 161011], [161015, 115022], [316335, 733213], [316804, 316462], [333641, 325661], [433480, 110028], [433480, 433475], [451207, 451208], [451207, 567], [212406, 212409], [212406, 212404], [733213, 161011], [431468, 431466], [115014, 115022], [115014, 161011], [606309, 654301], [115022, 620321], [115022, 161011], [625303, 567], [316470, 316611], [316470, 316462], [212409, 212404], [433470, 620321], [433470, 433475], [451208, 567], [451609, 567], [436415, 436414]]
% of conflict: 28 / 1225 = 2.28571428571 %

List of meeting pairs with conflict attendee: [[433448, 433480], [433448, 433676], [433448, 640351], [433448, 433470], [316470, 316462], [567, 451207], [567, 451208], [433676, 433480], [433676, 433470], [740340, 110048], [433470, 620321], [316335, 161015], [316335, 733213], [212207, 620031], [606309, 654301], [325407, 325401], [115012, 451207], [115012, 115022], [115012, 161015], [110048, 110133], [110048, 121023], [433480, 110028], [451207, 451208], [110133, 121023], [421412, 640351], [1101602, 1101601], [115022, 620321], [115022, 161015]]
% of conflict: 28 / 1225 = 2.28571428571 %

Num_Meeting: 74

Conflict: {0: [[[110130, 110028], [110130, 433480], [316470, 316462], [316470, 333613], [421421, 620381], [161011, 161015], [161011, 115022], [433480, 433448], [433480, 433676], [433480, 110028], [433480, 433475], [110048, 110133], [110048, 740340], [110048, 121023], [161015, 115022], [212409, 212406], [451207, 451208], [431466, 431468], [1101601, 1101602], [433448, 433676], [433448, 640351], [433448, 433475], [433448, 433470], [433676, 433470], [433676, 433475], [110133, 121023], [316462, 316804], [433470, 433475], [333620, 333613], [333641, 325661]], '2.44897959184'], 1: [[[421412, 421421], [421412, 625303], [421412, 640351], [625303, 567], [567, 451609], [567, 451207], [316654, 316611], [161011, 161015], [161011, 733213], [212406, 212409], [212406, 212404], [212409, 212404], [733213, 316335], [451207, 115012], [433676, 433480], [433676, 433475], [316804, 316462], [115012, 161015], [1101602, 1101601], [325661, 333641], [654301, 606309], [325407, 325401], [316335, 161015], [316462, 316470], [110133, 110048], [433480, 433475], [316470, 316611]], '2.20408163265'], 2: [[[110133, 110048], [110133, 121023], [433480, 110028], [436414, 436415], [451207, 451208], [451207, 115012], [451207, 567], [733213, 316335], [212406, 212404], [212207, 620031], [316806, 333620], [161015, 316335], [161015, 115012], [325407, 325401], [121023, 110048], [451208, 567], [620381, 421421], [421412, 421421], [567, 451609], [333620, 333613]], '1.63265306122'], 3: [[[433676, 433480], [433676, 433448], [433676, 433470], [567, 451609], [567, 625303], [161015, 316335], [161015, 115022], [316611, 316654], [1101602, 1101601], [110130, 110028], [110130, 433480], [316335, 733213], [620031, 212207], [115022, 115014], [316804, 316462], [433470, 433448], [433448, 433480], [433448, 640351], [431468, 431466], [110028, 433480]], '1.63265306122'], 4: [[[316470, 316611], [212406, 212409], [212406, 212404], [316611, 316654], [421421, 620381], [115012, 161015], [110028, 110130], [620321, 433470], [325401, 325407], [433475, 433448], [433475, 433470], [451609, 567], [161011, 161015], [161011, 733213], [110048, 110133], [110048, 121023], [212409, 212404], [121023, 110133], [433448, 640351], [433448, 433470], [436414, 436415]], '1.71428571429'], 5: [[[316335, 161015], [316335, 733213], [431466, 431468], [110130, 110028], [316462, 316470], [433676, 433475], [161011, 161015], [161011, 115014], [161011, 733213], [333641, 325661], [1101601, 1101602], [451207, 451208], [316806, 333816], [316806, 333620], [333620, 333613], [110048, 110133], [110048, 740340], [436414, 436415], [316470, 333613]], '1.55102040816'], 6: [[[421412, 421421], [161015, 316335], [161015, 161011], [161015, 115022], [433470, 433676], [433470, 433475], [431466, 431468], [325407, 325401], [110133, 121023], [316462, 316470], [316462, 316804], [333641, 325661], [433475, 433676], [212404, 212409], [436414, 436415], [606309, 654301], [115022, 115014], [115022, 161011], [620381, 421421], [115014, 161011], [1101601, 1101602]], '1.71428571429'], 7: [[[625303, 567], [625303, 421412], [1101601, 1101602], [316335, 161015], [316335, 733213], [325661, 333641], [606309, 654301], [161015, 115012], [640351, 433448], [640351, 421412], [212406, 212404], [421421, 421412], [421421, 620381], [433470, 620321], [433470, 433448], [433470, 433676], [433448, 433480], [433448, 433676], [110048, 110133], [110048, 740340], [110048, 121023], [567, 451207], [567, 451208], [433480, 433676], [115012, 451207], [451207, 451208], [325401, 325407], [121023, 110133]], '2.28571428571'], 8: [[[161015, 316335], [161015, 161011], [161015, 115022], [316335, 733213], [316804, 316462], [333641, 325661], [433480, 110028], [433480, 433475], [451207, 451208], [451207, 567], [212406, 212409], [212406, 212404], [733213, 161011], [431468, 431466], [115014, 115022], [115014, 161011], [606309, 654301], [115022, 620321], [115022, 161011], [625303, 567], [316470, 316611], [316470, 316462], [212409, 212404], [433470, 620321], [433470, 433475], [451208, 567], [451609, 567], [436415, 436414]], '2.28571428571'], 9: [[[433448, 433480], [433448, 433676], [433448, 640351], [433448, 433470], [316470, 316462], [567, 451207], [567, 451208], [433676, 433480], [433676, 433470], [740340, 110048], [433470, 620321], [316335, 161015], [316335, 733213], [212207, 620031], [606309, 654301], [325407, 325401], [115012, 451207], [115012, 115022], [115012, 161015], [110048, 110133], [110048, 121023], [433480, 110028], [451207, 451208], [110133, 121023], [421412, 640351], [1101602, 1101601], [115022, 620321], [115022, 161015]], '2.28571428571']}

0:431658
0:None
0:None
0:None
0:[252, 20110]

1:110082
1:None
1:None
1:None
1:[202, 1214, 4289, 9347]

2:115018
2:None
2:None
2:None
2:[3309, 5269, 20357, 20463]

3:109015
3:None
3:None
3:None
3:[1152, 2065, 9215, 9260, 20388]

4:316804
4:None
4:None
4:None
4:[9628, 13541, 14080, 14828, 14863]

5:109004
5:None
5:None
5:None
5:[9817, 10380, 13006, 16014, 16062, 20147]

6:433470
6:None
6:None
6:None
6:[1525, 4892, 5922, 13958, 16197, 20303]

7:316654
7:None
7:None
7:None
7:[431, 1004, 1563, 5521, 10520, 16851, 20503]

8:655331
8:None
8:None
8:None
8:[3451, 7674, 8010, 8166, 8355, 9569, 11279]

9:110077
9:None
9:None
9:None
9:[1725, 2443, 2826, 3807, 4447, 5224, 8007, 20257]

10:115014
10:None
10:None
10:None
10:[7239, 7631, 8460, 9585, 10295, 12351, 13900, 13902]

11:451609
11:None
11:None
11:None
11:[1460, 9647, 9669, 14093, 14672, 14956, 15170, 20272]

12:325613
12:None
12:None
12:None
12:[11, 69, 11186, 11251, 14039, 14210, 14562, 15761, 20414]

13:333620
13:None
13:None
13:None
13:[1681, 1776, 6812, 9380, 9584, 9617, 9650, 10396, 10405]

14:421602
14:None
14:None
14:None
14:[10973, 14162, 14460, 14542, 14570, 14818, 15168, 15172, 15186]

15:512450
15:None
15:None
15:None
15:[231, 2464, 2518, 3409, 3507, 3863, 8770, 8789, 15703]

16:110133
16:None
16:None
16:None
16:[1119, 2578, 3470, 4601, 6823, 7105, 7908, 12736, 12996, 20479]

17:316335
17:None
17:None
17:None
17:[219, 246, 2852, 3304, 4095, 6845, 8495, 8811, 8927, 15695]

18:325401
18:None
18:None
18:None
18:[264, 2165, 2528, 2890, 3167, 4273, 5258, 5363, 10719, 20204]

19:433676
19:None
19:None
19:None
19:[413, 1104, 2192, 2674, 3201, 6866, 13958, 13998, 14601, 14607]

20:212404
20:None
20:None
20:None
20:[763, 832, 1112, 2013, 2048, 2424, 3697, 4218, 4268, 4420, 4576, 4578, 4952, 5027, 5205, 5306, 14104, 14902, 19910, 19911]

21:316806
21:None
21:None
21:None
21:[441, 1313, 3374, 9916, 10396, 13576, 14464, 14613, 14793, 14809, 14820, 14821, 14822, 14829, 14830, 15187, 15671, 16581, 20124, 20306]

22:333613
22:None
22:None
22:None
22:[95, 140, 1310, 1681, 1776, 1803, 3146, 6895, 9380, 9440, 9584, 9617, 9650, 9677, 9678, 9700, 9701, 13592, 14183, 20141]

23:431468
23:None
23:None
23:None
23:[173, 224, 256, 452, 554, 733, 942, 1572, 1691, 1840, 1844, 1864, 2502, 2631, 2824, 3823, 5064, 14404, 14463, 15122]

24:316611
24:None
24:None
24:None
24:[59, 75, 138, 431, 1004, 1312, 1563, 2451, 5742, 6895, 9373, 10520, 13987, 14129, 14183, 15189, 16851, 19929, 19979, 20233, 20650]

25:333641
25:None
25:None
25:None
25:[170, 3134, 9355, 9555, 10066, 13531, 14059, 14107, 14111, 14186, 14196, 14215, 14257, 14434, 14457, 14999, 16204, 16289, 20129, 20158, 20595]

26:110118
26:None
26:None
26:None
26:[597, 923, 1134, 1723, 2460, 2733, 3196, 4177, 4369, 4393, 4433, 4765, 6069, 7045, 8081, 8151, 8756, 9575, 11066, 12363, 14824, 20307]

27:316462
27:None
27:None
27:None
27:[174, 280, 509, 839, 997, 1185, 1905, 1914, 2498, 2776, 2828, 2990, 3145, 3575, 3605, 3748, 5232, 8757, 13528, 14828, 20185, 20201]

28:110028
28:None
28:None
28:None
28:[1269, 1466, 2991, 6339, 6788, 6850, 6908, 7237, 7302, 9795, 9803, 9975, 10246, 10838, 10849, 11395, 11647, 12099, 12373, 12770, 12837, 13015, 13742]

29:110074
29:None
29:None
29:None
29:[674, 1378, 3465, 4328, 4541, 4810, 4886, 5218, 5537, 6600, 7369, 7395, 8154, 8732, 9196, 10957, 14066, 14170, 14461, 14808, 14996, 16264, 19922]

30:110130
30:None
30:None
30:None
30:[1269, 1466, 2991, 6339, 6788, 6850, 6908, 7237, 7302, 9795, 9803, 9975, 10246, 10838, 10849, 11395, 11647, 12099, 12373, 12770, 12837, 13015, 13742]

31:730303
31:None
31:None
31:None
31:[77, 381, 506, 713, 789, 974, 1060, 1233, 1430, 1772, 2556, 2746, 2905, 3151, 3351, 4570, 4599, 5020, 5566, 11455, 20401, 20572, 20621]

32:212409
32:None
32:None
32:None
32:[731, 832, 983, 1215, 2137, 2424, 2511, 2987, 3090, 3697, 4122, 4162, 4265, 4420, 4501, 4575, 4681, 4683, 4880, 4924, 4964, 5184, 5306, 14788]

33:300408
33:None
33:None
33:None
33:[33, 217, 1376, 1595, 1702, 1706, 2222, 3095, 3097, 3147, 3278, 3312, 3584, 3732, 3782, 3799, 4112, 4862, 4917, 5572, 9579, 9625, 20419, 20495]

34:325407
34:None
34:None
34:None
34:[25, 107, 260, 264, 2165, 2231, 2235, 2528, 2558, 2624, 2648, 2868, 2890, 3167, 3648, 3869, 4273, 5258, 5363, 10719, 15865, 20195, 20204, 20205]

35:421421
35:None
35:None
35:None
35:[113, 390, 565, 620, 785, 824, 1178, 1237, 1369, 1484, 1555, 1780, 1837, 1971, 2125, 2228, 2349, 2707, 2765, 3040, 4201, 9369, 11360, 16094]

36:433475
36:None
36:None
36:None
36:[1630, 1631, 1792, 2064, 5249, 5343, 5705, 6573, 9346, 9401, 9693, 10709, 10919, 11038, 13998, 14024, 14305, 14594, 14607, 14717, 14826, 20303, 20320, 20321]

37:625303
37:None
37:None
37:None
37:[329, 749, 1878, 1897, 2338, 2385, 2432, 2913, 3323, 3524, 3746, 3844, 4716, 4857, 5304, 7467, 7972, 7993, 7994, 8035, 8264, 8692, 8896, 9157]

38:110048
38:None
38:None
38:None
38:[295, 918, 1119, 1553, 1711, 2218, 2659, 3152, 3346, 3821, 4223, 4292, 4316, 4502, 6198, 6939, 7448, 8037, 8529, 8951, 11357, 11766, 12461, 12502, 13744]

39:121023
39:None
39:None
39:None
39:[769, 2320, 2513, 2578, 2704, 3421, 4430, 4799, 5034, 5609, 5618, 6561, 7365, 8560, 8951, 9426, 11485, 12284, 12349, 13300, 14175, 14475, 14635, 20564, 20603]

40:211101
40:None
40:None
40:None
40:[10172, 11733, 13223, 14624, 15002, 15027, 15868, 16895, 16921, 16960, 17015, 17028, 17171, 17186, 17195, 17281, 17347, 17411, 17441, 18180, 18590, 18609, 19456, 19784, 20035]

41:431466
41:None
41:None
41:None
41:[133, 256, 452, 686, 1289, 1471, 1482, 1518, 1560, 1987, 2199, 2357, 2389, 2711, 2719, 2846, 3056, 3064, 3356, 3720, 3940, 4091, 9642, 9655, 14463]

42:436414
42:None
42:None
42:None
42:[286, 529, 593, 744, 896, 939, 1103, 1655, 1839, 2295, 2442, 3397, 3797, 3914, 3991, 4039, 4476, 5126, 5163, 9286, 14444, 14450, 14451, 14452, 16275]

43:516306
43:None
43:None
43:None
43:[637, 729, 1564, 1915, 2615, 2728, 2901, 4349, 4821, 4883, 4960, 5074, 5350, 6024, 7169, 7246, 7709, 8257, 8357, 8672, 9151, 15756, 15759, 16017, 16109]

44:606309
44:None
44:None
44:None
44:[665, 1048, 2293, 2999, 3498, 4243, 4422, 4457, 4471, 4807, 5057, 5948, 5964, 6308, 6417, 6434, 6993, 7052, 7619, 7911, 7990, 8315, 8667, 9204, 14130]

45:654301
45:None
45:None
45:None
45:[685, 802, 894, 1901, 2238, 3498, 3760, 4236, 4291, 4494, 4497, 4571, 4631, 4895, 6333, 7305, 7620, 7690, 8298, 8311, 8518, 8804, 9163, 11498, 14158]

46:740340
46:None
46:None
46:None
46:[856, 1338, 3221, 3230, 3244, 4182, 4316, 4634, 5851, 6084, 8536, 8871, 10465, 10918, 13977, 13980, 13981, 14936, 16317, 20130, 20132, 20178, 20181, 20409, 20499]

47:212406
47:None
47:None
47:None
47:[731, 983, 1602, 1942, 2137, 2288, 2511, 2780, 2987, 3368, 3662, 3697, 3851, 4122, 4162, 4230, 4265, 4383, 4501, 4575, 4681, 4683, 4880, 4924, 4964, 5184]

48:316470
48:None
48:None
48:None
48:[75, 174, 354, 500, 1067, 1312, 1450, 1597, 1959, 2331, 2451, 3206, 3226, 3354, 3674, 5732, 9373, 9440, 13987, 14832, 15189, 19929, 19979, 20201, 20233, 20650]

49:436415
49:None
49:None
49:None
49:[286, 529, 593, 748, 896, 939, 1103, 1655, 1839, 1951, 2278, 2295, 3397, 3797, 3914, 3991, 4039, 4476, 5126, 5163, 9286, 14099, 14253, 15007, 16275, 19947]

50:620381
50:None
50:None
50:None
50:[387, 535, 767, 1463, 2083, 2125, 2204, 2938, 3291, 3384, 3610, 4211, 4262, 4693, 4706, 4730, 4806, 4938, 6438, 6985, 8764, 8878, 11007, 11160, 14584, 15138]

51:640351
51:None
51:None
51:None
51:[176, 236, 271, 512, 805, 1165, 2096, 2188, 2214, 2560, 2594, 3118, 3443, 4261, 4334, 4381, 5958, 6123, 6421, 7206, 8592, 14890, 14893, 14895, 14896, 16049]

52:702353
52:None
52:None
52:None
52:[234, 774, 2612, 3910, 4396, 4965, 5129, 5323, 5347, 5531, 6235, 6876, 7158, 7290, 7488, 7659, 7715, 7716, 7832, 8320, 8737, 9143, 9156, 9158, 9164, 10540]

53:733213
53:None
53:None
53:None
53:[736, 808, 810, 996, 2485, 2811, 2981, 3667, 4089, 4407, 4535, 4608, 4954, 4985, 5179, 7322, 8267, 8471, 8701, 9641, 10419, 13102, 13446, 14247, 14552, 15695]

54:1101601
54:None
54:None
54:None
54:[13509, 14468, 14914, 15547, 15601, 15776, 15777, 15828, 16358, 16390, 17301, 17348, 17586, 17909, 17951, 18018, 18541, 18553, 18594, 18611, 19298, 19310, 19435, 19543, 19801, 19868, 20159]

55:1101602
55:None
55:None
55:None
55:[13509, 14468, 14914, 15547, 15601, 15776, 15777, 15828, 16358, 16390, 17301, 17348, 17586, 17909, 17951, 18018, 18541, 18553, 18594, 18611, 19298, 19310, 19435, 19543, 19801, 19868, 20159]

56:433448
56:None
56:None
56:None
56:[244, 254, 331, 696, 976, 1027, 1104, 1165, 1207, 1512, 1604, 1670, 1717, 2532, 2674, 2778, 3022, 3728, 4256, 4624, 4974, 5343, 6573, 13958, 14163, 14594, 14607]

57:620031
57:None
57:None
57:None
57:[3353, 6346, 7203, 7621, 7695, 7699, 7757, 8082, 8232, 9891, 10124, 10438, 10525, 10528, 10538, 11958, 12157, 12456, 12546, 12679, 12789, 12898, 12982, 13122, 13144, 13219, 13247]

58:562
58:None
58:None
58:None
58:[131, 5625, 5639, 5652, 5938, 6871, 6872, 6873, 10956, 10958, 14610, 16243, 16244, 16246, 16259, 16261, 16383, 20385, 20406, 20421, 20436, 20461, 20476, 20477, 20484, 20556, 20598]

59:115012
59:None
59:None
59:None
59:[1324, 1331, 2394, 5127, 6820, 7266, 7457, 9245, 9265, 11448, 11895, 12060, 12068, 12481, 12600, 13127, 13930, 15208, 16948, 17124, 17398, 18084, 18712, 18758, 20103, 20295, 20298, 20363]

60:161015
60:None
60:None
60:None
60:[691, 4095, 4409, 6995, 7012, 7133, 9304, 10031, 10275, 10491, 10737, 10776, 11262, 11385, 11563, 11854, 12022, 12130, 12691, 12901, 13127, 13482, 14853, 16097, 17390, 20179, 20378, 20400]

61:421210
61:None
61:None
61:None
61:[975, 3008, 3074, 3463, 4529, 4725, 5805, 7708, 7743, 7767, 8751, 10095, 10237, 10725, 11390, 11682, 11786, 12141, 12251, 12384, 12608, 13150, 13444, 13498, 14300, 14486, 15546, 16949]

62:433480
62:None
62:None
62:None
62:[244, 331, 413, 484, 1176, 1182, 1188, 1478, 1644, 1663, 1670, 1809, 1863, 1984, 2032, 2190, 2192, 2223, 2255, 2390, 2831, 2949, 2991, 3504, 4169, 4256, 5894, 14024]

63:620321
63:None
63:None
63:None
63:[218, 859, 1411, 1654, 1712, 2622, 3142, 3302, 3449, 3639, 3745, 4367, 4562, 4860, 5922, 6322, 6331, 6415, 6507, 8032, 8582, 8835, 9001, 9024, 9105, 9110, 9354, 10552]

64:115022
64:None
64:None
64:None
64:[323, 639, 1654, 5411, 5683, 9008, 9245, 10054, 10096, 10295, 10491, 10537, 10841, 11566, 13127, 13900, 13902, 13904, 13905, 14596, 16064, 16433, 16434, 16435, 16437, 18832, 19399, 20368, 20540]

65:212207
65:None
65:None
65:None
65:[3353, 6346, 7264, 7695, 7699, 7757, 8082, 9891, 10124, 10126, 10438, 10525, 10528, 10538, 11517, 12157, 12456, 12546, 12679, 12789, 12898, 12918, 12929, 12982, 13122, 13144, 13219, 13247, 13373]

66:325661
66:None
66:None
66:None
66:[750, 1690, 3128, 3134, 3941, 9555, 9694, 10066, 10068, 10968, 13531, 14059, 14107, 14111, 14186, 14196, 14215, 14257, 14434, 14446, 14457, 14497, 14640, 14696, 14845, 16289, 20079, 20113, 20552]

67:451207
67:None
67:None
67:None
67:[2689, 3371, 4469, 4751, 5228, 7054, 7266, 7461, 7557, 7686, 8305, 8324, 8466, 8666, 9682, 10774, 11161, 11525, 11760, 11822, 11897, 11922, 12198, 12414, 12649, 12754, 13075, 13805, 14948]

68:161011
68:None
68:None
68:None
68:[1, 1127, 1156, 1760, 2467, 3542, 3857, 4720, 7402, 7687, 7954, 8263, 8570, 8599, 9187, 10031, 10295, 11691, 12936, 13102, 13485, 13490, 13735, 14005, 14204, 16040, 16041, 16042, 16202, 16407]

69:325883
69:None
69:None
69:None
69:[7, 167, 567, 850, 1927, 2109, 2119, 2144, 2221, 2522, 2586, 2816, 3999, 5035, 5525, 5893, 13976, 14792, 14955, 15069, 19914, 19940, 19970, 19972, 19974, 19978, 20085, 20114, 20191, 20422]

70:333816
70:None
70:None
70:None
70:[441, 1313, 3148, 3781, 9702, 9990, 10065, 10450, 10971, 13576, 13994, 14094, 14464, 14506, 14535, 14613, 14793, 14809, 14820, 14821, 14822, 14829, 15187, 15671, 15763, 16581, 20124, 20260, 20306, 20596]

71:421412
71:None
71:None
71:None
71:[552, 785, 1301, 1510, 1555, 1710, 1837, 1924, 2093, 2334, 2385, 2486, 2535, 2560, 2709, 2753, 2765, 2766, 2877, 2893, 3670, 3900, 4032, 4068, 4537, 5098, 5547, 9590, 14631, 20643]

72:451208
72:None
72:None
72:None
72:[3711, 5240, 7053, 7054, 7572, 7630, 8324, 8466, 8650, 10269, 10332, 10382, 10413, 10738, 11525, 11616, 11624, 11886, 11922, 12058, 12198, 12279, 12289, 12426, 12480, 12492, 12844, 12903, 12911, 20328]

73:567
73:None
73:None
73:None
73:[1460, 1520, 1878, 3638, 3989, 4309, 6099, 6253, 6558, 6956, 7124, 7147, 7172, 7182, 7306, 7507, 7557, 7562, 7572, 7630, 7696, 7862, 7960, 8025, 8065, 8819, 14590, 14943, 14948, 14956]

