List of meeting pairs with conflict attendee: [[524, 316806], [4364122, 569], [4364122, 436414], [569, 436414], [110133, 121023], [436414, 436466], [600, 110077], [600, 110020], [600, 110074], [433475, 433670], [433475, 433676], [110020, 110077], [110020, 110074], [333620, 333613], [333620, 316806], [316612, 316611], [606303, 606309], [516301, 606309], [333613, 316611], [316403, 316462], [433676, 433670], [211412, 212404], [211412, 606309], [451609, 451610], [511112, 511111], [325407, 325401], [560, 559], [606309, 654301]]
% of conflict: 28 / 1225 = 2.28571428571 %

List of meeting pairs with conflict attendee: [[110077, 600], [110077, 110020], [121023, 110133], [121023, 110048], [511208, 511209], [212409, 211412], [511112, 511111], [511112, 511113], [433676, 433470], [433676, 433670], [433676, 433475], [654301, 606309], [606303, 606309], [110074, 600], [110074, 110020], [110048, 110133], [524, 316806], [606309, 211412], [433670, 433470], [433670, 433475], [110020, 600], [511111, 511113], [433470, 433475]]
% of conflict: 23 / 1225 = 1.87755102041 %

List of meeting pairs with conflict attendee: [[110048, 740340], [333613, 333620], [333613, 316611], [516301, 606309], [451609, 451610], [433670, 433470], [433670, 433676], [4364122, 436414], [4364122, 569], [436414, 436466], [436414, 569], [606309, 654301], [606309, 606303], [606309, 211412], [316335, 316467], [316612, 316611], [316612, 316467], [560, 559], [110028, 110130], [511113, 511112], [511113, 511111], [212409, 211412], [316462, 316467], [433470, 433676], [511112, 511111]]
% of conflict: 25 / 1225 = 2.04081632653 %

List of meeting pairs with conflict attendee: [[654301, 606309], [436414, 569], [212404, 212409], [212404, 211412], [211412, 212409], [211412, 606309], [433470, 433670], [433470, 433676], [433470, 433475], [511209, 511208], [516301, 606309], [433475, 433670], [433475, 433676], [433670, 433676], [300408, 300406], [333819, 316806], [511111, 511112], [511111, 511113], [559, 560], [606309, 606303], [316467, 316462], [316467, 316335], [451609, 451610], [431466, 431468], [511112, 511113]]
% of conflict: 25 / 1225 = 2.04081632653 %

List of meeting pairs with conflict attendee: [[431468, 431466], [433470, 433670], [433470, 433676], [433676, 433670], [110130, 110028], [451610, 451609], [511113, 511111], [600, 110077], [600, 110020], [600, 110074], [333819, 316806], [524, 316806], [316654, 316611], [316654, 316612], [110077, 110020], [316612, 316611], [559, 560], [740340, 110048], [211412, 212404], [211412, 212409], [110048, 110133], [212409, 212404], [110020, 110074]]
% of conflict: 23 / 1225 = 1.87755102041 %

List of meeting pairs with conflict attendee: [[316611, 316654], [316611, 316612], [316611, 333613], [333613, 333620], [316612, 316654], [316612, 316467], [325401, 325407], [511113, 511111], [511113, 511112], [431466, 431468], [316467, 316462], [110077, 600], [511209, 511208], [211412, 212404], [211412, 212409], [211412, 606309], [316462, 316403], [511111, 511112], [333620, 316806], [110028, 110130], [333819, 316806], [316806, 524], [569, 436414], [212409, 212404], [436414, 436466]]
% of conflict: 25 / 1225 = 2.04081632653 %

List of meeting pairs with conflict attendee: [[316612, 316611], [316612, 316467], [436466, 436414], [433475, 433670], [433475, 433676], [433475, 433470], [451609, 451610], [600, 110074], [511113, 511111], [433670, 433470], [433670, 433676], [300406, 300408], [316335, 316467], [433676, 433470], [110133, 110048], [110133, 121023], [436414, 569], [333613, 333620], [333613, 316611], [431468, 431466], [121023, 110048], [740340, 110048]]
% of conflict: 22 / 1225 = 1.79591836735 %

List of meeting pairs with conflict attendee: [[433470, 433670], [433470, 433475], [433475, 433670], [606309, 516301], [606309, 606303], [121023, 110133], [121023, 110048], [110130, 110028], [316654, 316611], [212409, 212404], [316611, 333613], [110133, 110048], [436414, 436466], [436414, 4364122], [740340, 110048], [316806, 333819], [316806, 333620], [316806, 524], [333620, 333613], [511111, 511112]]
% of conflict: 20 / 1225 = 1.63265306122 %

List of meeting pairs with conflict attendee: [[110028, 110130], [316335, 316467], [300406, 300408], [316462, 316467], [559, 560], [436414, 436466], [436414, 569], [431468, 431466], [316611, 316654], [316611, 333613], [212404, 211412], [511209, 511208], [110077, 600], [325407, 325401], [600, 110074], [433475, 433676], [606309, 211412], [316806, 333819], [316806, 333620], [333620, 333613]]
% of conflict: 20 / 1225 = 1.63265306122 %

List of meeting pairs with conflict attendee: [[110028, 110130], [211412, 212404], [211412, 212409], [333620, 333613], [333620, 316806], [212409, 212404], [316467, 316462], [316467, 316335], [560, 559], [511111, 511112], [511111, 511113], [524, 316806], [110020, 110077], [110020, 600], [433475, 433676], [600, 110077], [316806, 333819], [569, 436414], [436414, 436466], [300408, 300406], [511112, 511113]]
% of conflict: 21 / 1225 = 1.71428571429 %


Num_Meeting: 74

Conflict: {0: [[[524, 316806], [4364122, 569], [4364122, 436414], [569, 436414], [110133, 121023], [436414, 436466], [600, 110077], [600, 110020], [600, 110074], [433475, 433670], [433475, 433676], [110020, 110077], [110020, 110074], [333620, 333613], [333620, 316806], [316612, 316611], [606303, 606309], [516301, 606309], [333613, 316611], [316403, 316462], [433676, 433670], [211412, 212404], [211412, 606309], [451609, 451610], [511112, 511111], [325407, 325401], [560, 559], [606309, 654301]], '2.28571428571'], 1: [[[110077, 600], [110077, 110020], [121023, 110133], [121023, 110048], [511208, 511209], [212409, 211412], [511112, 511111], [511112, 511113], [433676, 433470], [433676, 433670], [433676, 433475], [654301, 606309], [606303, 606309], [110074, 600], [110074, 110020], [110048, 110133], [524, 316806], [606309, 211412], [433670, 433470], [433670, 433475], [110020, 600], [511111, 511113], [433470, 433475]], '1.87755102041'], 2: [[[110048, 740340], [333613, 333620], [333613, 316611], [516301, 606309], [451609, 451610], [433670, 433470], [433670, 433676], [4364122, 436414], [4364122, 569], [436414, 436466], [436414, 569], [606309, 654301], [606309, 606303], [606309, 211412], [316335, 316467], [316612, 316611], [316612, 316467], [560, 559], [110028, 110130], [511113, 511112], [511113, 511111], [212409, 211412], [316462, 316467], [433470, 433676], [511112, 511111]], '2.04081632653'], 3: [[[654301, 606309], [436414, 569], [212404, 212409], [212404, 211412], [211412, 212409], [211412, 606309], [433470, 433670], [433470, 433676], [433470, 433475], [511209, 511208], [516301, 606309], [433475, 433670], [433475, 433676], [433670, 433676], [300408, 300406], [333819, 316806], [511111, 511112], [511111, 511113], [559, 560], [606309, 606303], [316467, 316462], [316467, 316335], [451609, 451610], [431466, 431468], [511112, 511113]], '2.04081632653'], 4: [[[431468, 431466], [433470, 433670], [433470, 433676], [433676, 433670], [110130, 110028], [451610, 451609], [511113, 511111], [600, 110077], [600, 110020], [600, 110074], [333819, 316806], [524, 316806], [316654, 316611], [316654, 316612], [110077, 110020], [316612, 316611], [559, 560], [740340, 110048], [211412, 212404], [211412, 212409], [110048, 110133], [212409, 212404], [110020, 110074]], '1.87755102041'], 5: [[[316611, 316654], [316611, 316612], [316611, 333613], [333613, 333620], [316612, 316654], [316612, 316467], [325401, 325407], [511113, 511111], [511113, 511112], [431466, 431468], [316467, 316462], [110077, 600], [511209, 511208], [211412, 212404], [211412, 212409], [211412, 606309], [316462, 316403], [511111, 511112], [333620, 316806], [110028, 110130], [333819, 316806], [316806, 524], [569, 436414], [212409, 212404], [436414, 436466]], '2.04081632653'], 6: [[[316612, 316611], [316612, 316467], [436466, 436414], [433475, 433670], [433475, 433676], [433475, 433470], [451609, 451610], [600, 110074], [511113, 511111], [433670, 433470], [433670, 433676], [300406, 300408], [316335, 316467], [433676, 433470], [110133, 110048], [110133, 121023], [436414, 569], [333613, 333620], [333613, 316611], [431468, 431466], [121023, 110048], [740340, 110048]], '1.79591836735'], 7: [[[433470, 433670], [433470, 433475], [433475, 433670], [606309, 516301], [606309, 606303], [121023, 110133], [121023, 110048], [110130, 110028], [316654, 316611], [212409, 212404], [316611, 333613], [110133, 110048], [436414, 436466], [436414, 4364122], [740340, 110048], [316806, 333819], [316806, 333620], [316806, 524], [333620, 333613], [511111, 511112]], '1.63265306122'], 8: [[[110028, 110130], [316335, 316467], [300406, 300408], [316462, 316467], [559, 560], [436414, 436466], [436414, 569], [431468, 431466], [316611, 316654], [316611, 333613], [212404, 211412], [511209, 511208], [110077, 600], [325407, 325401], [600, 110074], [433475, 433676], [606309, 211412], [316806, 333819], [316806, 333620], [333620, 333613]], '1.63265306122'], 9: [[[110028, 110130], [211412, 212404], [211412, 212409], [333620, 333613], [333620, 316806], [212409, 212404], [316467, 316462], [316467, 316335], [560, 559], [511111, 511112], [511111, 511113], [524, 316806], [110020, 110077], [110020, 600], [433475, 433676], [600, 110077], [316806, 333819], [569, 436414], [436414, 436466], [300408, 300406], [511112, 511113]], '1.71428571429']}

0:109004
0:None
0:None
0:None
0:[9817, 10380, 13006, 16014, 16062, 20147]

1:433470
1:None
1:None
1:None
1:[1525, 4892, 5922, 13958, 16197, 20303]

2:316654
2:None
2:None
2:None
2:[431, 1004, 1563, 5521, 10520, 16851, 20503]

3:655331
3:None
3:None
3:None
3:[3451, 7674, 8010, 8166, 8355, 9569, 11279]

4:110077
4:None
4:None
4:None
4:[1725, 2443, 2826, 3807, 4447, 5224, 8007, 20257]

5:115014
5:None
5:None
5:None
5:[7239, 7631, 8460, 9585, 10295, 12351, 13900, 13902]

6:451609
6:None
6:None
6:None
6:[1460, 9647, 9669, 14093, 14672, 14956, 15170, 20272]

7:325613
7:None
7:None
7:None
7:[11, 69, 11186, 11251, 14039, 14210, 14562, 15761, 20414]

8:333620
8:None
8:None
8:None
8:[1681, 1776, 6812, 9380, 9584, 9617, 9650, 10396, 10405]

9:421602
9:None
9:None
9:None
9:[10973, 14162, 14460, 14542, 14570, 14818, 15168, 15172, 15186]

10:512450
10:None
10:None
10:None
10:[231, 2464, 2518, 3409, 3507, 3863, 8770, 8789, 15703]

11:110133
11:None
11:None
11:None
11:[1119, 2578, 3470, 4601, 6823, 7105, 7908, 12736, 12996, 20479]

12:316335
12:None
12:None
12:None
12:[219, 246, 2852, 3304, 4095, 6845, 8495, 8811, 8927, 15695]

13:325401
13:None
13:None
13:None
13:[264, 2165, 2528, 2890, 3167, 4273, 5258, 5363, 10719, 20204]

14:433676
14:None
14:None
14:None
14:[413, 1104, 2192, 2674, 3201, 6866, 13958, 13998, 14601, 14607]

15:109001
15:None
15:None
15:None
15:[1068, 3521, 3787, 4251, 9302, 10486, 11549, 12450, 15211, 20347, 20506]

16:451610
16:None
16:None
16:None
16:[449, 1460, 1664, 5568, 9703, 14050, 14093, 14956, 15170, 15191, 20272]

17:560
17:None
17:None
17:None
17:[32, 79, 3951, 4038, 6886, 9283, 13559, 20339, 20390, 20557, 20606]

18:316467
18:None
18:None
18:None
18:[5, 280, 471, 509, 683, 839, 1959, 2828, 2852, 3605, 14863, 20397]

19:526307
19:None
19:None
19:None
19:[1020, 2536, 4189, 4992, 8247, 8321, 9188, 9751, 10948, 14125, 14149, 16137]

20:316403
20:None
20:None
20:None
20:[157, 500, 643, 1597, 1905, 2579, 3135, 3145, 3206, 3226, 3354, 3674, 5232]

21:5118152
21:None
21:None
21:None
21:[14610, 16243, 16244, 16246, 16259, 16261, 16383, 20385, 20436, 20476, 20477, 20484, 20556, 20598]

22:625331
22:None
22:None
22:None
22:[1567, 2592, 2968, 4305, 4827, 5000, 6330, 6430, 7780, 7788, 7949, 14247, 14248, 14250]

23:110020
23:None
23:None
23:None
23:[746, 1084, 1759, 1925, 2416, 2462, 2623, 4047, 4289, 4447, 5600, 8288, 9366, 14066, 14996]

24:110043
24:None
24:None
24:None
24:[895, 2425, 6153, 6972, 8986, 11098, 12341, 14341, 14459, 15360, 16451, 17512, 18388, 18781, 20323]

25:211412
25:None
25:None
25:None
25:[148, 1112, 2780, 3368, 3662, 3851, 4218, 4230, 4376, 4420, 4576, 4609, 4924, 5027, 7052]

26:333819
26:None
26:None
26:None
26:[441, 3148, 9916, 9990, 14094, 14464, 14506, 14535, 14613, 14821, 14829, 14830, 20124, 20189, 20260]

27:433670
27:None
27:None
27:None
27:[3504, 4892, 9346, 9693, 10709, 13998, 14163, 14305, 14594, 14607, 14826, 16197, 20303, 20320, 20321]

28:534303
28:None
28:None
28:None
28:[1877, 1920, 2005, 2033, 2867, 2996, 3205, 4835, 6015, 7194, 7350, 7587, 8341, 8974, 9323]

29:559
29:None
29:None
29:None
29:[692, 3931, 4041, 4042, 5593, 5783, 6465, 9283, 9326, 13566, 13567, 13568, 13569, 13570, 20606]

30:436466
30:None
30:None
30:None
30:[216, 286, 404, 440, 1489, 1724, 2387, 2660, 2758, 4775, 14450, 14451, 14452, 14890, 15120, 16250]

31:4364122
31:None
31:None
31:None
31:[529, 593, 939, 1103, 1655, 1839, 2295, 2442, 3397, 3797, 3914, 3991, 4039, 4476, 5126, 5163, 9286]

32:606303
32:None
32:None
32:None
32:[233, 1095, 1539, 2510, 2665, 2720, 4243, 4352, 4441, 5519, 5879, 6360, 7550, 7714, 7902, 8003, 14130]

33:316612
33:None
33:None
33:None
33:[1004, 1312, 1563, 2331, 2451, 9345, 9373, 10520, 13987, 15189, 16851, 19929, 19979, 20233, 20397, 20515, 20522, 20650]

34:511111
34:None
34:None
34:None
34:[2475, 12846, 13784, 15862, 16878, 16886, 16929, 16936, 17060, 17117, 17204, 18175, 19577, 19843, 19954, 19983, 20065, 20166]

35:511208
35:None
35:None
35:None
35:[369, 2453, 5915, 7234, 8551, 11422, 11465, 11779, 11876, 12270, 12813, 13050, 13056, 13179, 13719, 13727, 13781, 13782]

36:516301
36:None
36:None
36:None
36:[665, 1296, 1968, 2232, 4499, 4574, 5057, 5084, 6506, 7273, 7619, 7774, 8075, 8530, 8667, 9204, 13628, 16300]

37:640251
37:None
37:None
37:None
37:[2076, 2934, 5480, 7921, 8403, 10046, 10190, 10234, 10726, 11453, 12479, 12669, 12735, 12957, 13220, 13523, 20214, 20542]

38:569
38:None
38:None
38:None
38:[529, 593, 939, 1103, 1655, 1839, 1951, 2295, 2442, 3397, 3797, 3914, 3991, 4039, 4476, 5126, 5163, 9286]

39:107104
39:None
39:None
39:None
39:[74, 136, 279, 838, 1144, 1755, 1765, 1829, 3757, 4185, 4387, 4669, 5386, 5683, 5973, 6061, 6570, 7923, 8722]

40:110064
40:None
40:None
40:None
40:[4459, 5733, 8181, 8544, 14711, 16052, 16953, 17092, 17360, 17838, 17980, 18243, 19038, 19233, 19907, 20076, 20162, 20212, 20345]

41:300406
41:None
41:None
41:None
41:[1376, 1702, 1706, 2222, 3095, 3097, 3278, 3312, 3584, 3732, 3782, 3799, 4112, 4862, 4917, 5572, 9579, 9625, 20495]

42:511112
42:None
42:None
42:None
42:[2475, 12846, 13244, 13784, 15862, 16878, 16886, 16929, 16936, 17060, 17117, 17204, 18175, 19577, 19843, 19954, 19983, 20065, 20166]

43:511113
43:None
43:None
43:None
43:[2475, 12846, 13244, 13784, 15862, 16878, 16886, 16929, 16936, 17060, 17117, 17204, 18175, 19577, 19843, 19954, 19983, 20065, 20166]

44:511209
44:None
44:None
44:None
44:[369, 2453, 5313, 5915, 7234, 8551, 11422, 11465, 11779, 11876, 12270, 12813, 13050, 13056, 13179, 13719, 13727, 13781, 13782]

45:600
45:None
45:None
45:None
45:[1514, 1725, 4239, 5224, 5310, 6278, 6456, 7272, 7295, 7568, 7724, 8007, 8288, 8492, 8715, 8732, 9065, 9985, 10100]

46:524
46:None
46:None
46:None
46:[1666, 1918, 2066, 2249, 2371, 2473, 2576, 2632, 2668, 2820, 2928, 2931, 3039, 3060, 4274, 9357, 9425, 9666, 20306]

47:212404
47:None
47:None
47:None
47:[763, 832, 1112, 2013, 2048, 2424, 3697, 4218, 4268, 4420, 4576, 4578, 4952, 5027, 5205, 5306, 14104, 14902, 19910, 19911]

48:316806
48:None
48:None
48:None
48:[441, 1313, 3374, 9916, 10396, 13576, 14464, 14613, 14793, 14809, 14820, 14821, 14822, 14829, 14830, 15187, 15671, 16581, 20124, 20306]

49:333613
49:None
49:None
49:None
49:[95, 140, 1310, 1681, 1776, 1803, 3146, 6895, 9380, 9440, 9584, 9617, 9650, 9677, 9678, 9700, 9701, 13592, 14183, 20141]

50:431468
50:None
50:None
50:None
50:[173, 224, 256, 452, 554, 733, 942, 1572, 1691, 1840, 1844, 1864, 2502, 2631, 2824, 3823, 5064, 14404, 14463, 15122]

51:316611
51:None
51:None
51:None
51:[59, 75, 138, 431, 1004, 1312, 1563, 2451, 5742, 6895, 9373, 10520, 13987, 14129, 14183, 15189, 16851, 19929, 19979, 20233, 20650]

52:333641
52:None
52:None
52:None
52:[170, 3134, 9355, 9555, 10066, 13531, 14059, 14107, 14111, 14186, 14196, 14215, 14257, 14434, 14457, 14999, 16204, 16289, 20129, 20158, 20595]

53:110118
53:None
53:None
53:None
53:[597, 923, 1134, 1723, 2460, 2733, 3196, 4177, 4369, 4393, 4433, 4765, 6069, 7045, 8081, 8151, 8756, 9575, 11066, 12363, 14824, 20307]

54:316462
54:None
54:None
54:None
54:[174, 280, 509, 839, 997, 1185, 1905, 1914, 2498, 2776, 2828, 2990, 3145, 3575, 3605, 3748, 5232, 8757, 13528, 14828, 20185, 20201]

55:110028
55:None
55:None
55:None
55:[1269, 1466, 2991, 6339, 6788, 6850, 6908, 7237, 7302, 9795, 9803, 9975, 10246, 10838, 10849, 11395, 11647, 12099, 12373, 12770, 12837, 13015, 13742]

56:110074
56:None
56:None
56:None
56:[674, 1378, 3465, 4328, 4541, 4810, 4886, 5218, 5537, 6600, 7369, 7395, 8154, 8732, 9196, 10957, 14066, 14170, 14461, 14808, 14996, 16264, 19922]

57:110130
57:None
57:None
57:None
57:[1269, 1466, 2991, 6339, 6788, 6850, 6908, 7237, 7302, 9795, 9803, 9975, 10246, 10838, 10849, 11395, 11647, 12099, 12373, 12770, 12837, 13015, 13742]

58:730303
58:None
58:None
58:None
58:[77, 381, 506, 713, 789, 974, 1060, 1233, 1430, 1772, 2556, 2746, 2905, 3151, 3351, 4570, 4599, 5020, 5566, 11455, 20401, 20572, 20621]

59:212409
59:None
59:None
59:None
59:[731, 832, 983, 1215, 2137, 2424, 2511, 2987, 3090, 3697, 4122, 4162, 4265, 4420, 4501, 4575, 4681, 4683, 4880, 4924, 4964, 5184, 5306, 14788]

60:300408
60:None
60:None
60:None
60:[33, 217, 1376, 1595, 1702, 1706, 2222, 3095, 3097, 3147, 3278, 3312, 3584, 3732, 3782, 3799, 4112, 4862, 4917, 5572, 9579, 9625, 20419, 20495]

61:325407
61:None
61:None
61:None
61:[25, 107, 260, 264, 2165, 2231, 2235, 2528, 2558, 2624, 2648, 2868, 2890, 3167, 3648, 3869, 4273, 5258, 5363, 10719, 15865, 20195, 20204, 20205]

62:421421
62:None
62:None
62:None
62:[113, 390, 565, 620, 785, 824, 1178, 1237, 1369, 1484, 1555, 1780, 1837, 1971, 2125, 2228, 2349, 2707, 2765, 3040, 4201, 9369, 11360, 16094]

63:433475
63:None
63:None
63:None
63:[1630, 1631, 1792, 2064, 5249, 5343, 5705, 6573, 9346, 9401, 9693, 10709, 10919, 11038, 13998, 14024, 14305, 14594, 14607, 14717, 14826, 20303, 20320, 20321]

64:625303
64:None
64:None
64:None
64:[329, 749, 1878, 1897, 2338, 2385, 2432, 2913, 3323, 3524, 3746, 3844, 4716, 4857, 5304, 7467, 7972, 7993, 7994, 8035, 8264, 8692, 8896, 9157]

65:110048
65:None
65:None
65:None
65:[295, 918, 1119, 1553, 1711, 2218, 2659, 3152, 3346, 3821, 4223, 4292, 4316, 4502, 6198, 6939, 7448, 8037, 8529, 8951, 11357, 11766, 12461, 12502, 13744]

66:121023
66:None
66:None
66:None
66:[769, 2320, 2513, 2578, 2704, 3421, 4430, 4799, 5034, 5609, 5618, 6561, 7365, 8560, 8951, 9426, 11485, 12284, 12349, 13300, 14175, 14475, 14635, 20564, 20603]

67:211101
67:None
67:None
67:None
67:[10172, 11733, 13223, 14624, 15002, 15027, 15868, 16895, 16921, 16960, 17015, 17028, 17171, 17186, 17195, 17281, 17347, 17411, 17441, 18180, 18590, 18609, 19456, 19784, 20035]

68:431466
68:None
68:None
68:None
68:[133, 256, 452, 686, 1289, 1471, 1482, 1518, 1560, 1987, 2199, 2357, 2389, 2711, 2719, 2846, 3056, 3064, 3356, 3720, 3940, 4091, 9642, 9655, 14463]

69:436414
69:None
69:None
69:None
69:[286, 529, 593, 744, 896, 939, 1103, 1655, 1839, 2295, 2442, 3397, 3797, 3914, 3991, 4039, 4476, 5126, 5163, 9286, 14444, 14450, 14451, 14452, 16275]

70:516306
70:None
70:None
70:None
70:[637, 729, 1564, 1915, 2615, 2728, 2901, 4349, 4821, 4883, 4960, 5074, 5350, 6024, 7169, 7246, 7709, 8257, 8357, 8672, 9151, 15756, 15759, 16017, 16109]

71:606309
71:None
71:None
71:None
71:[665, 1048, 2293, 2999, 3498, 4243, 4422, 4457, 4471, 4807, 5057, 5948, 5964, 6308, 6417, 6434, 6993, 7052, 7619, 7911, 7990, 8315, 8667, 9204, 14130]

72:654301
72:None
72:None
72:None
72:[685, 802, 894, 1901, 2238, 3498, 3760, 4236, 4291, 4494, 4497, 4571, 4631, 4895, 6333, 7305, 7620, 7690, 8298, 8311, 8518, 8804, 9163, 11498, 14158]

73:740340
73:None
73:None
73:None
73:[856, 1338, 3221, 3230, 3244, 4182, 4316, 4634, 5851, 6084, 8536, 8871, 10465, 10918, 13977, 13980, 13981, 14936, 16317, 20130, 20132, 20178, 20181, 20409, 20499]

