Num_Meeting: 192

Conflict: {0: [[[567, 451609], [567, 451207], [567, 451208], [5162012, 536202], [5162012, 526201], [7023371, 702353], [211412, 212406], [211412, 212409], [740340, 110048], [433254, 433351], [433254, 538], [433254, 431326], [110048, 590], [110048, 316317], [110048, 121023], [512350, 512380], [528, 6542012], [528, 5162042], [538, 431326], [5118152, 562], [212409, 212406], [316462, 316467], [316462, 316403], [316462, 316804], [521321, 600], [521321, 652304], [521321, 652302], [521321, 516301], [421412, 421410], [212207, 620031], [433142, 531], [5131103, 5131101], [6542012, 5162042], [451207, 451208], [451207, 115012], [620321, 535], [652304, 652302], [431468, 325314], [5101102, 115012], [333620, 333613], [511111, 511113], [512380, 535], [512380, 730303], [640176, 436466], [433670, 433475], [433670, 433676], [316335, 316467], [436415, 436466], [436415, 436414], [436466, 436414], [600, 411331], [316804, 316467], [526201, 536202], [316317, 306302], [316654, 316611], [433475, 433676], [333613, 316611]], '1.15151515152']}

0:431658
0:None
0:None
0:None
0:[252, 20110]

1:110082
1:None
1:None
1:None
1:[202, 1214, 4289, 9347]

2:115018
2:None
2:None
2:None
2:[3309, 5269, 20357, 20463]

3:109015
3:None
3:None
3:None
3:[1152, 2065, 9215, 9260, 20388]

4:316804
4:None
4:None
4:None
4:[9628, 13541, 14080, 14828, 14863]

5:109004
5:None
5:None
5:None
5:[9817, 10380, 13006, 16014, 16062, 20147]

6:433470
6:None
6:None
6:None
6:[1525, 4892, 5922, 13958, 16197, 20303]

7:316654
7:None
7:None
7:None
7:[431, 1004, 1563, 5521, 10520, 16851, 20503]

8:655331
8:None
8:None
8:None
8:[3451, 7674, 8010, 8166, 8355, 9569, 11279]

9:110077
9:None
9:None
9:None
9:[1725, 2443, 2826, 3807, 4447, 5224, 8007, 20257]

10:115014
10:None
10:None
10:None
10:[7239, 7631, 8460, 9585, 10295, 12351, 13900, 13902]

11:451609
11:None
11:None
11:None
11:[1460, 9647, 9669, 14093, 14672, 14956, 15170, 20272]

12:325613
12:None
12:None
12:None
12:[11, 69, 11186, 11251, 14039, 14210, 14562, 15761, 20414]

13:333620
13:None
13:None
13:None
13:[1681, 1776, 6812, 9380, 9584, 9617, 9650, 10396, 10405]

14:421602
14:None
14:None
14:None
14:[10973, 14162, 14460, 14542, 14570, 14818, 15168, 15172, 15186]

15:512450
15:None
15:None
15:None
15:[231, 2464, 2518, 3409, 3507, 3863, 8770, 8789, 15703]

16:110133
16:None
16:None
16:None
16:[1119, 2578, 3470, 4601, 6823, 7105, 7908, 12736, 12996, 20479]

17:316335
17:None
17:None
17:None
17:[219, 246, 2852, 3304, 4095, 6845, 8495, 8811, 8927, 15695]

18:325401
18:None
18:None
18:None
18:[264, 2165, 2528, 2890, 3167, 4273, 5258, 5363, 10719, 20204]

19:433676
19:None
19:None
19:None
19:[413, 1104, 2192, 2674, 3201, 6866, 13958, 13998, 14601, 14607]

20:109001
20:None
20:None
20:None
20:[1068, 3521, 3787, 4251, 9302, 10486, 11549, 12450, 15211, 20347, 20506]

21:451610
21:None
21:None
21:None
21:[449, 1460, 1664, 5568, 9703, 14050, 14093, 14956, 15170, 15191, 20272]

22:560
22:None
22:None
22:None
22:[32, 79, 3951, 4038, 6886, 9283, 13559, 20339, 20390, 20557, 20606]

23:316467
23:None
23:None
23:None
23:[5, 280, 471, 509, 683, 839, 1959, 2828, 2852, 3605, 14863, 20397]

24:526307
24:None
24:None
24:None
24:[1020, 2536, 4189, 4992, 8247, 8321, 9188, 9751, 10948, 14125, 14149, 16137]

25:316403
25:None
25:None
25:None
25:[157, 500, 643, 1597, 1905, 2579, 3135, 3145, 3206, 3226, 3354, 3674, 5232]

26:5118152
26:None
26:None
26:None
26:[14610, 16243, 16244, 16246, 16259, 16261, 16383, 20385, 20436, 20476, 20477, 20484, 20556, 20598]

27:625331
27:None
27:None
27:None
27:[1567, 2592, 2968, 4305, 4827, 5000, 6330, 6430, 7780, 7788, 7949, 14247, 14248, 14250]

28:110020
28:None
28:None
28:None
28:[746, 1084, 1759, 1925, 2416, 2462, 2623, 4047, 4289, 4447, 5600, 8288, 9366, 14066, 14996]

29:110043
29:None
29:None
29:None
29:[895, 2425, 6153, 6972, 8986, 11098, 12341, 14341, 14459, 15360, 16451, 17512, 18388, 18781, 20323]

30:211412
30:None
30:None
30:None
30:[148, 1112, 2780, 3368, 3662, 3851, 4218, 4230, 4376, 4420, 4576, 4609, 4924, 5027, 7052]

31:333819
31:None
31:None
31:None
31:[441, 3148, 9916, 9990, 14094, 14464, 14506, 14535, 14613, 14821, 14829, 14830, 20124, 20189, 20260]

32:433670
32:None
32:None
32:None
32:[3504, 4892, 9346, 9693, 10709, 13998, 14163, 14305, 14594, 14607, 14826, 16197, 20303, 20320, 20321]

33:534303
33:None
33:None
33:None
33:[1877, 1920, 2005, 2033, 2867, 2996, 3205, 4835, 6015, 7194, 7350, 7587, 8341, 8974, 9323]

34:559
34:None
34:None
34:None
34:[692, 3931, 4041, 4042, 5593, 5783, 6465, 9283, 9326, 13566, 13567, 13568, 13569, 13570, 20606]

35:436466
35:None
35:None
35:None
35:[216, 286, 404, 440, 1489, 1724, 2387, 2660, 2758, 4775, 14450, 14451, 14452, 14890, 15120, 16250]

36:4364122
36:None
36:None
36:None
36:[529, 593, 939, 1103, 1655, 1839, 2295, 2442, 3397, 3797, 3914, 3991, 4039, 4476, 5126, 5163, 9286]

37:606303
37:None
37:None
37:None
37:[233, 1095, 1539, 2510, 2665, 2720, 4243, 4352, 4441, 5519, 5879, 6360, 7550, 7714, 7902, 8003, 14130]

38:316612
38:None
38:None
38:None
38:[1004, 1312, 1563, 2331, 2451, 9345, 9373, 10520, 13987, 15189, 16851, 19929, 19979, 20233, 20397, 20515, 20522, 20650]

39:511111
39:None
39:None
39:None
39:[2475, 12846, 13784, 15862, 16878, 16886, 16929, 16936, 17060, 17117, 17204, 18175, 19577, 19843, 19954, 19983, 20065, 20166]

40:511208
40:None
40:None
40:None
40:[369, 2453, 5915, 7234, 8551, 11422, 11465, 11779, 11876, 12270, 12813, 13050, 13056, 13179, 13719, 13727, 13781, 13782]

41:516301
41:None
41:None
41:None
41:[665, 1296, 1968, 2232, 4499, 4574, 5057, 5084, 6506, 7273, 7619, 7774, 8075, 8530, 8667, 9204, 13628, 16300]

42:640251
42:None
42:None
42:None
42:[2076, 2934, 5480, 7921, 8403, 10046, 10190, 10234, 10726, 11453, 12479, 12669, 12735, 12957, 13220, 13523, 20214, 20542]

43:569
43:None
43:None
43:None
43:[529, 593, 939, 1103, 1655, 1839, 1951, 2295, 2442, 3397, 3797, 3914, 3991, 4039, 4476, 5126, 5163, 9286]

44:107104
44:None
44:None
44:None
44:[74, 136, 279, 838, 1144, 1755, 1765, 1829, 3757, 4185, 4387, 4669, 5386, 5683, 5973, 6061, 6570, 7923, 8722]

45:110064
45:None
45:None
45:None
45:[4459, 5733, 8181, 8544, 14711, 16052, 16953, 17092, 17360, 17838, 17980, 18243, 19038, 19233, 19907, 20076, 20162, 20212, 20345]

46:300406
46:None
46:None
46:None
46:[1376, 1702, 1706, 2222, 3095, 3097, 3278, 3312, 3584, 3732, 3782, 3799, 4112, 4862, 4917, 5572, 9579, 9625, 20495]

47:511112
47:None
47:None
47:None
47:[2475, 12846, 13244, 13784, 15862, 16878, 16886, 16929, 16936, 17060, 17117, 17204, 18175, 19577, 19843, 19954, 19983, 20065, 20166]

48:511113
48:None
48:None
48:None
48:[2475, 12846, 13244, 13784, 15862, 16878, 16886, 16929, 16936, 17060, 17117, 17204, 18175, 19577, 19843, 19954, 19983, 20065, 20166]

49:511209
49:None
49:None
49:None
49:[369, 2453, 5313, 5915, 7234, 8551, 11422, 11465, 11779, 11876, 12270, 12813, 13050, 13056, 13179, 13719, 13727, 13781, 13782]

50:600
50:None
50:None
50:None
50:[1514, 1725, 4239, 5224, 5310, 6278, 6456, 7272, 7295, 7568, 7724, 8007, 8288, 8492, 8715, 8732, 9065, 9985, 10100]

51:524
51:None
51:None
51:None
51:[1666, 1918, 2066, 2249, 2371, 2473, 2576, 2632, 2668, 2820, 2928, 2931, 3039, 3060, 4274, 9357, 9425, 9666, 20306]

52:212404
52:None
52:None
52:None
52:[763, 832, 1112, 2013, 2048, 2424, 3697, 4218, 4268, 4420, 4576, 4578, 4952, 5027, 5205, 5306, 14104, 14902, 19910, 19911]

53:316806
53:None
53:None
53:None
53:[441, 1313, 3374, 9916, 10396, 13576, 14464, 14613, 14793, 14809, 14820, 14821, 14822, 14829, 14830, 15187, 15671, 16581, 20124, 20306]

54:333613
54:None
54:None
54:None
54:[95, 140, 1310, 1681, 1776, 1803, 3146, 6895, 9380, 9440, 9584, 9617, 9650, 9677, 9678, 9700, 9701, 13592, 14183, 20141]

55:431468
55:None
55:None
55:None
55:[173, 224, 256, 452, 554, 733, 942, 1572, 1691, 1840, 1844, 1864, 2502, 2631, 2824, 3823, 5064, 14404, 14463, 15122]

56:316611
56:None
56:None
56:None
56:[59, 75, 138, 431, 1004, 1312, 1563, 2451, 5742, 6895, 9373, 10520, 13987, 14129, 14183, 15189, 16851, 19929, 19979, 20233, 20650]

57:333641
57:None
57:None
57:None
57:[170, 3134, 9355, 9555, 10066, 13531, 14059, 14107, 14111, 14186, 14196, 14215, 14257, 14434, 14457, 14999, 16204, 16289, 20129, 20158, 20595]

58:110118
58:None
58:None
58:None
58:[597, 923, 1134, 1723, 2460, 2733, 3196, 4177, 4369, 4393, 4433, 4765, 6069, 7045, 8081, 8151, 8756, 9575, 11066, 12363, 14824, 20307]

59:316462
59:None
59:None
59:None
59:[174, 280, 509, 839, 997, 1185, 1905, 1914, 2498, 2776, 2828, 2990, 3145, 3575, 3605, 3748, 5232, 8757, 13528, 14828, 20185, 20201]

60:110028
60:None
60:None
60:None
60:[1269, 1466, 2991, 6339, 6788, 6850, 6908, 7237, 7302, 9795, 9803, 9975, 10246, 10838, 10849, 11395, 11647, 12099, 12373, 12770, 12837, 13015, 13742]

61:110074
61:None
61:None
61:None
61:[674, 1378, 3465, 4328, 4541, 4810, 4886, 5218, 5537, 6600, 7369, 7395, 8154, 8732, 9196, 10957, 14066, 14170, 14461, 14808, 14996, 16264, 19922]

62:110130
62:None
62:None
62:None
62:[1269, 1466, 2991, 6339, 6788, 6850, 6908, 7237, 7302, 9795, 9803, 9975, 10246, 10838, 10849, 11395, 11647, 12099, 12373, 12770, 12837, 13015, 13742]

63:730303
63:None
63:None
63:None
63:[77, 381, 506, 713, 789, 974, 1060, 1233, 1430, 1772, 2556, 2746, 2905, 3151, 3351, 4570, 4599, 5020, 5566, 11455, 20401, 20572, 20621]

64:212409
64:None
64:None
64:None
64:[731, 832, 983, 1215, 2137, 2424, 2511, 2987, 3090, 3697, 4122, 4162, 4265, 4420, 4501, 4575, 4681, 4683, 4880, 4924, 4964, 5184, 5306, 14788]

65:300408
65:None
65:None
65:None
65:[33, 217, 1376, 1595, 1702, 1706, 2222, 3095, 3097, 3147, 3278, 3312, 3584, 3732, 3782, 3799, 4112, 4862, 4917, 5572, 9579, 9625, 20419, 20495]

66:325407
66:None
66:None
66:None
66:[25, 107, 260, 264, 2165, 2231, 2235, 2528, 2558, 2624, 2648, 2868, 2890, 3167, 3648, 3869, 4273, 5258, 5363, 10719, 15865, 20195, 20204, 20205]

67:421421
67:None
67:None
67:None
67:[113, 390, 565, 620, 785, 824, 1178, 1237, 1369, 1484, 1555, 1780, 1837, 1971, 2125, 2228, 2349, 2707, 2765, 3040, 4201, 9369, 11360, 16094]

68:433475
68:None
68:None
68:None
68:[1630, 1631, 1792, 2064, 5249, 5343, 5705, 6573, 9346, 9401, 9693, 10709, 10919, 11038, 13998, 14024, 14305, 14594, 14607, 14717, 14826, 20303, 20320, 20321]

69:625303
69:None
69:None
69:None
69:[329, 749, 1878, 1897, 2338, 2385, 2432, 2913, 3323, 3524, 3746, 3844, 4716, 4857, 5304, 7467, 7972, 7993, 7994, 8035, 8264, 8692, 8896, 9157]

70:110048
70:None
70:None
70:None
70:[295, 918, 1119, 1553, 1711, 2218, 2659, 3152, 3346, 3821, 4223, 4292, 4316, 4502, 6198, 6939, 7448, 8037, 8529, 8951, 11357, 11766, 12461, 12502, 13744]

71:121023
71:None
71:None
71:None
71:[769, 2320, 2513, 2578, 2704, 3421, 4430, 4799, 5034, 5609, 5618, 6561, 7365, 8560, 8951, 9426, 11485, 12284, 12349, 13300, 14175, 14475, 14635, 20564, 20603]

72:211101
72:None
72:None
72:None
72:[10172, 11733, 13223, 14624, 15002, 15027, 15868, 16895, 16921, 16960, 17015, 17028, 17171, 17186, 17195, 17281, 17347, 17411, 17441, 18180, 18590, 18609, 19456, 19784, 20035]

73:431466
73:None
73:None
73:None
73:[133, 256, 452, 686, 1289, 1471, 1482, 1518, 1560, 1987, 2199, 2357, 2389, 2711, 2719, 2846, 3056, 3064, 3356, 3720, 3940, 4091, 9642, 9655, 14463]

74:436414
74:None
74:None
74:None
74:[286, 529, 593, 744, 896, 939, 1103, 1655, 1839, 2295, 2442, 3397, 3797, 3914, 3991, 4039, 4476, 5126, 5163, 9286, 14444, 14450, 14451, 14452, 16275]

75:516306
75:None
75:None
75:None
75:[637, 729, 1564, 1915, 2615, 2728, 2901, 4349, 4821, 4883, 4960, 5074, 5350, 6024, 7169, 7246, 7709, 8257, 8357, 8672, 9151, 15756, 15759, 16017, 16109]

76:606309
76:None
76:None
76:None
76:[665, 1048, 2293, 2999, 3498, 4243, 4422, 4457, 4471, 4807, 5057, 5948, 5964, 6308, 6417, 6434, 6993, 7052, 7619, 7911, 7990, 8315, 8667, 9204, 14130]

77:654301
77:None
77:None
77:None
77:[685, 802, 894, 1901, 2238, 3498, 3760, 4236, 4291, 4494, 4497, 4571, 4631, 4895, 6333, 7305, 7620, 7690, 8298, 8311, 8518, 8804, 9163, 11498, 14158]

78:740340
78:None
78:None
78:None
78:[856, 1338, 3221, 3230, 3244, 4182, 4316, 4634, 5851, 6084, 8536, 8871, 10465, 10918, 13977, 13980, 13981, 14936, 16317, 20130, 20132, 20178, 20181, 20409, 20499]

79:212406
79:None
79:None
79:None
79:[731, 983, 1602, 1942, 2137, 2288, 2511, 2780, 2987, 3368, 3662, 3697, 3851, 4122, 4162, 4230, 4265, 4383, 4501, 4575, 4681, 4683, 4880, 4924, 4964, 5184]

80:316470
80:None
80:None
80:None
80:[75, 174, 354, 500, 1067, 1312, 1450, 1597, 1959, 2331, 2451, 3206, 3226, 3354, 3674, 5732, 9373, 9440, 13987, 14832, 15189, 19929, 19979, 20201, 20233, 20650]

81:436415
81:None
81:None
81:None
81:[286, 529, 593, 748, 896, 939, 1103, 1655, 1839, 1951, 2278, 2295, 3397, 3797, 3914, 3991, 4039, 4476, 5126, 5163, 9286, 14099, 14253, 15007, 16275, 19947]

82:620381
82:None
82:None
82:None
82:[387, 535, 767, 1463, 2083, 2125, 2204, 2938, 3291, 3384, 3610, 4211, 4262, 4693, 4706, 4730, 4806, 4938, 6438, 6985, 8764, 8878, 11007, 11160, 14584, 15138]

83:640351
83:None
83:None
83:None
83:[176, 236, 271, 512, 805, 1165, 2096, 2188, 2214, 2560, 2594, 3118, 3443, 4261, 4334, 4381, 5958, 6123, 6421, 7206, 8592, 14890, 14893, 14895, 14896, 16049]

84:702353
84:None
84:None
84:None
84:[234, 774, 2612, 3910, 4396, 4965, 5129, 5323, 5347, 5531, 6235, 6876, 7158, 7290, 7488, 7659, 7715, 7716, 7832, 8320, 8737, 9143, 9156, 9158, 9164, 10540]

85:733213
85:None
85:None
85:None
85:[736, 808, 810, 996, 2485, 2811, 2981, 3667, 4089, 4407, 4535, 4608, 4954, 4985, 5179, 7322, 8267, 8471, 8701, 9641, 10419, 13102, 13446, 14247, 14552, 15695]

86:1101601
86:None
86:None
86:None
86:[13509, 14468, 14914, 15547, 15601, 15776, 15777, 15828, 16358, 16390, 17301, 17348, 17586, 17909, 17951, 18018, 18541, 18553, 18594, 18611, 19298, 19310, 19435, 19543, 19801, 19868, 20159]

87:1101602
87:None
87:None
87:None
87:[13509, 14468, 14914, 15547, 15601, 15776, 15777, 15828, 16358, 16390, 17301, 17348, 17586, 17909, 17951, 18018, 18541, 18553, 18594, 18611, 19298, 19310, 19435, 19543, 19801, 19868, 20159]

88:433448
88:None
88:None
88:None
88:[244, 254, 331, 696, 976, 1027, 1104, 1165, 1207, 1512, 1604, 1670, 1717, 2532, 2674, 2778, 3022, 3728, 4256, 4624, 4974, 5343, 6573, 13958, 14163, 14594, 14607]

89:620031
89:None
89:None
89:None
89:[3353, 6346, 7203, 7621, 7695, 7699, 7757, 8082, 8232, 9891, 10124, 10438, 10525, 10528, 10538, 11958, 12157, 12456, 12546, 12679, 12789, 12898, 12982, 13122, 13144, 13219, 13247]

90:562
90:None
90:None
90:None
90:[131, 5625, 5639, 5652, 5938, 6871, 6872, 6873, 10956, 10958, 14610, 16243, 16244, 16246, 16259, 16261, 16383, 20385, 20406, 20421, 20436, 20461, 20476, 20477, 20484, 20556, 20598]

91:115012
91:None
91:None
91:None
91:[1324, 1331, 2394, 5127, 6820, 7266, 7457, 9245, 9265, 11448, 11895, 12060, 12068, 12481, 12600, 13127, 13930, 15208, 16948, 17124, 17398, 18084, 18712, 18758, 20103, 20295, 20298, 20363]

92:161015
92:None
92:None
92:None
92:[691, 4095, 4409, 6995, 7012, 7133, 9304, 10031, 10275, 10491, 10737, 10776, 11262, 11385, 11563, 11854, 12022, 12130, 12691, 12901, 13127, 13482, 14853, 16097, 17390, 20179, 20378, 20400]

93:421210
93:None
93:None
93:None
93:[975, 3008, 3074, 3463, 4529, 4725, 5805, 7708, 7743, 7767, 8751, 10095, 10237, 10725, 11390, 11682, 11786, 12141, 12251, 12384, 12608, 13150, 13444, 13498, 14300, 14486, 15546, 16949]

94:433480
94:None
94:None
94:None
94:[244, 331, 413, 484, 1176, 1182, 1188, 1478, 1644, 1663, 1670, 1809, 1863, 1984, 2032, 2190, 2192, 2223, 2255, 2390, 2831, 2949, 2991, 3504, 4169, 4256, 5894, 14024]

95:620321
95:None
95:None
95:None
95:[218, 859, 1411, 1654, 1712, 2622, 3142, 3302, 3449, 3639, 3745, 4367, 4562, 4860, 5922, 6322, 6331, 6415, 6507, 8032, 8582, 8835, 9001, 9024, 9105, 9110, 9354, 10552]

96:115022
96:None
96:None
96:None
96:[323, 639, 1654, 5411, 5683, 9008, 9245, 10054, 10096, 10295, 10491, 10537, 10841, 11566, 13127, 13900, 13902, 13904, 13905, 14596, 16064, 16433, 16434, 16435, 16437, 18832, 19399, 20368, 20540]

97:212207
97:None
97:None
97:None
97:[3353, 6346, 7264, 7695, 7699, 7757, 8082, 9891, 10124, 10126, 10438, 10525, 10528, 10538, 11517, 12157, 12456, 12546, 12679, 12789, 12898, 12918, 12929, 12982, 13122, 13144, 13219, 13247, 13373]

98:325661
98:None
98:None
98:None
98:[750, 1690, 3128, 3134, 3941, 9555, 9694, 10066, 10068, 10968, 13531, 14059, 14107, 14111, 14186, 14196, 14215, 14257, 14434, 14446, 14457, 14497, 14640, 14696, 14845, 16289, 20079, 20113, 20552]

99:451207
99:None
99:None
99:None
99:[2689, 3371, 4469, 4751, 5228, 7054, 7266, 7461, 7557, 7686, 8305, 8324, 8466, 8666, 9682, 10774, 11161, 11525, 11760, 11822, 11897, 11922, 12198, 12414, 12649, 12754, 13075, 13805, 14948]

100:161011
100:None
100:None
100:None
100:[1, 1127, 1156, 1760, 2467, 3542, 3857, 4720, 7402, 7687, 7954, 8263, 8570, 8599, 9187, 10031, 10295, 11691, 12936, 13102, 13485, 13490, 13735, 14005, 14204, 16040, 16041, 16042, 16202, 16407]

101:325883
101:None
101:None
101:None
101:[7, 167, 567, 850, 1927, 2109, 2119, 2144, 2221, 2522, 2586, 2816, 3999, 5035, 5525, 5893, 13976, 14792, 14955, 15069, 19914, 19940, 19970, 19972, 19974, 19978, 20085, 20114, 20191, 20422]

102:333816
102:None
102:None
102:None
102:[441, 1313, 3148, 3781, 9702, 9990, 10065, 10450, 10971, 13576, 13994, 14094, 14464, 14506, 14535, 14613, 14793, 14809, 14820, 14821, 14822, 14829, 15187, 15671, 15763, 16581, 20124, 20260, 20306, 20596]

103:421412
103:None
103:None
103:None
103:[552, 785, 1301, 1510, 1555, 1710, 1837, 1924, 2093, 2334, 2385, 2486, 2535, 2560, 2709, 2753, 2765, 2766, 2877, 2893, 3670, 3900, 4032, 4068, 4537, 5098, 5547, 9590, 14631, 20643]

104:451208
104:None
104:None
104:None
104:[3711, 5240, 7053, 7054, 7572, 7630, 8324, 8466, 8650, 10269, 10332, 10382, 10413, 10738, 11525, 11616, 11624, 11886, 11922, 12058, 12198, 12279, 12289, 12426, 12480, 12492, 12844, 12903, 12911, 20328]

105:567
105:None
105:None
105:None
105:[1460, 1520, 1878, 3638, 3989, 4309, 6099, 6253, 6558, 6956, 7124, 7147, 7172, 7182, 7306, 7507, 7557, 7562, 7572, 7630, 7696, 7862, 7960, 8025, 8065, 8819, 14590, 14943, 14948, 14956]

106:421410
106:None
106:None
106:None
106:[3784, 3796, 3815, 3866, 3882, 3885, 3900, 3905, 3917, 3973, 3980, 3982, 4032, 4062, 4067, 4068, 4127, 4188, 4201, 4306, 4348, 4431, 4537, 4770, 4916, 4995, 5098, 5268, 5271, 5359]

107:512380
107:None
107:None
107:None
107:[2427, 2642, 2708, 2777, 2808, 3038, 3068, 3260, 3351, 3621, 3688, 4002, 4052, 4074, 4097, 4105, 4186, 4222, 4244, 4285, 4360, 4416, 4429, 4442, 4449, 4500, 4552, 4591, 4594, 4597]

108:5131101
108:None
108:None
108:None
108:[10519, 10914, 11804, 12017, 12778, 12958, 13307, 13616, 13673, 13878, 13891, 14019, 14142, 14254, 14652, 14708, 14725, 14734, 14871, 15082, 15113, 15115, 15165, 15216, 15236, 15270, 15435, 15460, 15472, 15497]

109:5131102
109:None
109:None
109:None
109:[18025, 18056, 18083, 18113, 18139, 18210, 18226, 18244, 18361, 18378, 18628, 18632, 18731, 18746, 18788, 18975, 19030, 19128, 19182, 19186, 19210, 19277, 19325, 19359, 19382, 19459, 19486, 19520, 19725, 19749]

110:5131103
110:None
110:None
110:None
110:[12017, 12778, 12958, 13307, 13616, 13673, 13878, 13891, 14019, 14142, 14254, 14652, 14708, 14725, 14734, 14871, 15082, 15113, 15115, 15165, 15216, 15236, 15270, 15435, 15460, 15472, 15497, 15632, 15733, 15772]

111:640176
111:None
111:None
111:None
111:[14660, 14860, 14872, 15153, 15321, 15489, 15551, 15562, 15700, 15734, 15910, 15911, 15929, 16130, 16250, 17151, 17170, 17289, 17360, 17483, 17636, 17720, 17828, 17829, 17989, 18252, 18297, 18526, 18533, 18821]

112:599
112:None
112:None
112:None
112:[4252, 4606, 4907, 5975, 6073, 6518, 6648, 6719, 7131, 7179, 7217, 7237, 7374, 7405, 7408, 7638, 7652, 7977, 8328, 8548, 8641, 8733, 8758, 9243, 9522, 9627, 9823, 9851, 9997, 10309]

113:465106
113:None
113:None
113:None
113:[11343, 11420, 11641, 12182, 12790, 13178, 13486, 14867, 15111, 15365, 15416, 15957, 16159, 16214, 16818, 16831, 16867, 16869, 16871, 16891, 16896, 16899, 16900, 16903, 16906, 16913, 16933, 16942, 16947, 16961]

114:325226
114:None
114:None
114:None
114:[6453, 6610, 6705, 6717, 6774, 6864, 6904, 7049, 7177, 7343, 7509, 7516, 7561, 7601, 7655, 7684, 7783, 7976, 8058, 8165, 8235, 8566, 8573, 8685, 8686, 8750, 8762, 8812, 8839, 9137]

115:421307
115:None
115:None
115:None
115:[7427, 7483, 7505, 7519, 7530, 7710, 7815, 7828, 7869, 7913, 7919, 7924, 7941, 8086, 8121, 8147, 8174, 8348, 8381, 8533, 8542, 8554, 8601, 8884, 9067, 9332, 9369, 9452, 9506, 11350]

116:431325
116:None
116:None
116:None
116:[4712, 4769, 4795, 4829, 4830, 5005, 5174, 5298, 5551, 5579, 5580, 5714, 5733, 5778, 5781, 5808, 5862, 5890, 5907, 5910, 5940, 5989, 6028, 6282, 6466, 6474, 6555, 6584, 6602, 6651]

117:465101
117:None
117:None
117:None
117:[18413, 18429, 18527, 18682, 18741, 18759, 18819, 18841, 18845, 18850, 18892, 18901, 19010, 19067, 19140, 19212, 19232, 19241, 19254, 19332, 19346, 19436, 19454, 19494, 19509, 19572, 19585, 19684, 19705, 19789]

118:652305
118:None
118:None
118:None
118:[7436, 7550, 7676, 7700, 7714, 7753, 7762, 7804, 7839, 7841, 7911, 7914, 8215, 8283, 8315, 8440, 8491, 8514, 8516, 8556, 8561, 8610, 8635, 8644, 8800, 8855, 8876, 8895, 8965, 9186]

119:175004
119:None
119:None
119:None
119:[15426, 15730, 15958, 16077, 16087, 16166, 16241, 16273, 16274, 16646, 17051, 17096, 17116, 17151, 17163, 17393, 17431, 17541, 17593, 17594, 17684, 17693, 17742, 17987, 18061, 18100, 18114, 18203, 18250, 18257]

120:431460
120:None
120:None
120:None
120:[3356, 3527, 3555, 3672, 3720, 3763, 3776, 3791, 3823, 3881, 3883, 3886, 3893, 3930, 3940, 3961, 3962, 4005, 4037, 4091, 4657, 4767, 4923, 5071, 5166, 5242, 5259, 5262, 5332, 5564]

121:652304
121:None
121:None
121:None
121:[6434, 7259, 7292, 7296, 7318, 7409, 7412, 7436, 7550, 7563, 7700, 7714, 7726, 7753, 7789, 7804, 7897, 7911, 7931, 7978, 8046, 8172, 8215, 8230, 8283, 8306, 8311, 8315, 8340, 8440]

122:521220
122:None
122:None
122:None
122:[658, 1022, 2161, 2998, 4773, 5135, 5288, 7023, 7218, 7277, 7472, 7722, 7849, 7881, 8014, 8083, 8128, 8647, 8834, 8999, 9263, 9432, 9622, 9748, 9914, 9968, 9977, 9980, 9996, 10029]

123:527
123:None
123:None
123:None
123:[2140, 2285, 2370, 2465, 2609, 2665, 2727, 2748, 2978, 3001, 3054, 3119, 3613, 3760, 3875, 4135, 4228, 4238, 4280, 4283, 4384, 4407, 4441, 4554, 4571, 4631, 4789, 4809, 4850, 4895]

124:411335
124:None
124:None
124:None
124:[4130, 4139, 4212, 4281, 4326, 4333, 4355, 4374, 4511, 4536, 4562, 4806, 4849, 4915, 4933, 4953, 4983, 5023, 5041, 5052, 5154, 5253, 5569, 5819, 5883, 5903, 6011, 6424, 6488, 6516]

125:5162011
125:None
125:None
125:None
125:[8195, 8433, 8677, 8742, 8887, 9138, 9263, 9322, 9360, 9689, 9897, 9914, 9963, 9977, 10186, 10220, 10287, 10337, 10341, 10345, 10377, 10443, 10623, 10638, 10840, 10861, 10871, 11085, 11116, 11140]

126:5162012
126:None
126:None
126:None
126:[12425, 12441, 12474, 12517, 12592, 12597, 12663, 12665, 12684, 12686, 12749, 12858, 12859, 12978, 13052, 13099, 13180, 13222, 13229, 13235, 13277, 13304, 13393, 13467, 13755, 13774, 13783, 13786, 14603, 16046]

127:300203
127:None
127:None
127:None
127:[10876, 10878, 10890, 10923, 10928, 10978, 11016, 11019, 11032, 11139, 11151, 11236, 11412, 11503, 11602, 11871, 11946, 11964, 11981, 12132, 12254, 12977, 13564, 13577, 13993, 14055, 14168, 14298, 14333, 14425]

128:485233
128:None
128:None
128:None
128:[1884, 2313, 2345, 2412, 2559, 2703, 2814, 2940, 3004, 3061, 3132, 3160, 3388, 9247, 11185, 11190, 11191, 11192, 11193, 11194, 11195, 11196, 11197, 11198, 11200, 11201, 11202, 11203, 11205, 11206]

129:535
129:None
129:None
129:None
129:[487, 517, 883, 944, 1166, 1179, 1274, 1334, 1513, 1558, 1594, 1756, 1903, 1910, 2078, 2098, 2656, 2730, 2777, 2787, 2795, 2862, 3083, 3142, 3192, 3209, 3217, 3408, 3429, 3433]

130:325314
130:None
130:None
130:None
130:[1572, 1679, 1861, 1958, 1975, 2127, 2231, 2304, 2347, 2380, 2400, 2402, 2413, 2460, 2482, 2507, 2536, 2624, 2661, 2693, 2718, 2731, 2836, 2859, 2865, 2868, 2897, 2911, 3102, 3207]

131:431326
131:None
131:None
131:None
131:[5174, 5298, 5378, 5528, 5579, 5580, 5714, 5781, 5808, 5862, 5875, 5940, 6028, 6109, 6182, 6222, 6282, 6418, 6457, 6466, 6474, 6584, 6602, 6645, 6651, 6652, 6761, 6836, 6903, 7008]

132:733102
132:None
132:None
132:None
132:[11833, 12021, 12485, 12494, 12565, 12908, 13284, 13324, 13753, 13990, 14064, 14077, 14597, 14836, 14844, 15091, 15479, 15873, 16083, 16163, 16280, 16285, 16887, 16935, 16951, 17083, 17249, 17361, 17368, 17445]

133:566
133:None
133:None
133:None
133:[11933, 12040, 12084, 12098, 12123, 12176, 12323, 12329, 12356, 12433, 12528, 12552, 12593, 12606, 12616, 12655, 12760, 12824, 12830, 12847, 12882, 12926, 12966, 12991, 13019, 13057, 13064, 13092, 13095, 13211]

134:5162041
134:None
134:None
134:None
134:[10377, 10532, 10634, 10791, 10840, 10917, 10932, 11085, 11116, 11140, 11291, 11399, 11416, 11424, 11505, 11686, 11690, 11753, 11823, 11874, 11879, 11912, 12006, 12064, 12065, 12156, 12213, 12262, 12275, 12307]

135:5162042
135:None
135:None
135:None
135:[9138, 9277, 9689, 9963, 10006, 10084, 10186, 10220, 10285, 10287, 10307, 10311, 10341, 10345, 10377, 10532, 10634, 10791, 10840, 10917, 10932, 11085, 11116, 11140, 11291, 11399, 11416, 11424, 11505, 11686]

136:590
136:None
136:None
136:None
136:[2103, 2141, 2149, 2186, 2206, 2218, 2322, 2392, 2436, 2440, 2447, 2472, 2517, 2567, 2574, 2608, 2653, 2654, 2681, 2724, 2736, 2749, 2755, 2756, 2772, 2822, 2894, 2993, 2994, 3129]

137:121010
137:None
137:None
137:None
137:[228, 619, 684, 962, 1117, 1609, 2283, 2552, 2687, 2710, 3002, 3403, 4415, 4510, 4595, 4781, 4878, 5287, 5342, 5582, 6012, 6133, 6395, 7383, 7650, 8239, 8381, 8970, 9312, 9599]

138:433254
138:None
138:None
138:None
138:[6029, 6039, 6048, 6086, 6170, 6276, 6357, 6391, 6418, 6457, 6474, 6508, 6555, 6738, 6834, 6903, 6920, 6935, 6957, 7002, 7043, 7279, 7344, 7460, 7586, 7606, 7617, 7723, 7727, 7733]

139:485220
139:None
139:None
139:None
139:[9707, 10093, 10312, 10734, 10834, 11258, 11261, 11266, 11280, 11294, 11297, 11302, 11308, 11314, 11354, 11369, 11374, 11379, 11382, 11383, 11386, 11387, 11389, 11404, 11418, 11431, 11438, 11439, 11464, 11473]

140:609
140:None
140:None
140:None
140:[6027, 6113, 6904, 6968, 7017, 7042, 7051, 7231, 7850, 9129, 9297, 9465, 9708, 9738, 9776, 9838, 9846, 10294, 10645, 10646, 10652, 10656, 10674, 10995, 11011, 11017, 11050, 11109, 11130, 11138]

141:421103
141:None
141:None
141:None
141:[18615, 18619, 18644, 18668, 18852, 18903, 18941, 18981, 18987, 18995, 19083, 19172, 19174, 19239, 19357, 19373, 19402, 19432, 19442, 19546, 19557, 19590, 19610, 19619, 19628, 19636, 19718, 19803, 19821, 20069]

142:607
142:None
142:None
142:None
142:[12737, 12809, 12822, 13306, 13377, 13491, 13513, 13911, 13921, 13954, 14087, 14681, 14707, 14952, 14983, 15048, 15052, 15062, 15287, 15507, 15719, 16167, 16283, 16378, 16380, 16442, 17235, 17346, 17376, 17378]

143:411332
143:None
143:None
143:None
143:[3303, 3318, 3332, 3386, 3441, 3462, 3466, 3505, 3657, 3699, 3731, 3827, 3836, 3842, 3920, 4006, 4021, 4027, 4028, 4036, 4075, 4128, 4130, 4139, 4212, 4355, 4374, 4511, 4536, 4806]

144:536202
144:None
144:None
144:None
144:[12517, 12571, 12599, 12604, 12677, 12686, 12716, 12827, 12859, 12899, 13000, 13052, 13099, 13149, 13152, 13181, 13192, 13222, 13277, 13396, 13417, 13443, 13467, 13510, 13774, 13780, 13792, 14052, 16053, 17200]

145:436431
145:None
145:None
145:None
145:[2328, 2333, 2387, 2394, 2421, 2454, 2456, 2471, 2487, 2489, 2503, 2508, 2545, 2554, 2636, 2643, 2652, 2660, 2667, 2694, 2698, 2779, 2788, 2851, 2854, 2991, 3088, 3156, 3174, 3187]

146:485136
146:None
146:None
146:None
146:[16499, 16500, 16501, 16502, 16503, 16504, 16505, 16506, 16507, 16508, 16509, 16510, 16511, 16512, 16513, 16514, 16515, 16516, 16517, 16518, 16519, 16520, 16521, 16522, 16523, 16524, 16525, 16526, 16527, 16528]

147:131009
147:None
147:None
147:None
147:[13387, 13407, 13454, 13736, 13920, 13990, 14008, 14155, 14414, 14572, 14582, 14922, 14950, 15130, 15337, 15475, 15690, 15771, 15825, 15872, 16354, 16910, 16930, 16955, 16969, 16988, 17051, 17163, 17177, 17192]

148:411331
148:None
148:None
148:None
148:[5041, 5052, 5154, 5253, 5263, 5569, 5747, 5819, 5883, 5903, 6011, 6488, 6516, 6622, 6642, 6649, 6663, 6832, 6837, 6838, 6862, 6892, 6996, 7091, 7129, 7554, 7568, 7581, 7673, 8099]

149:6542012
149:None
149:None
149:None
149:[11650, 11656, 11666, 11684, 11686, 11739, 11747, 11756, 11818, 11870, 11872, 11877, 11880, 11887, 11908, 11927, 11945, 11948, 11971, 12003, 12013, 12025, 12028, 12039, 12054, 12082, 12133, 12141, 12161, 12203]

150:588
150:None
150:None
150:None
150:[241, 300, 396, 427, 491, 584, 627, 644, 650, 721, 739, 820, 822, 833, 874, 899, 908, 919, 1026, 1073, 1086, 1130, 1154, 1164, 1174, 1228, 1257, 1283, 1302, 1359]

151:421255
151:None
151:None
151:None
151:[6253, 6487, 6512, 7053, 7054, 7124, 7147, 7172, 7182, 7240, 7306, 7362, 7435, 7507, 7557, 7562, 7572, 7630, 7696, 7708, 7743, 7835, 7862, 7960, 7999, 8025, 8065, 8123, 8361, 8466]

152:521321
152:None
152:None
152:None
152:[7007, 7258, 7275, 7285, 7289, 7295, 7296, 7318, 7331, 7342, 7436, 7456, 7479, 7726, 7735, 7774, 7888, 7897, 7917, 7931, 7956, 7959, 7990, 8017, 8046, 8057, 8100, 8105, 8172, 8180]

153:485100
153:None
153:None
153:None
153:[11402, 11469, 11478, 11587, 11615, 11757, 12092, 12496, 12766, 12873, 13022, 13271, 13376, 13520, 13721, 13761, 14648, 14718, 14735, 14973, 14986, 15422, 15503, 15564, 16799, 16868, 16877, 16882, 16907, 16908]

154:606205
154:None
154:None
154:None
154:[12742, 12850, 12858, 12915, 12943, 12978, 13042, 13070, 13149, 13180, 13181, 13197, 13225, 13227, 13242, 13248, 13252, 13301, 13332, 13349, 13359, 13431, 13448, 13459, 13510, 13545, 13741, 14073, 14085, 14483]

155:730363
155:None
155:None
155:None
155:[363, 371, 401, 408, 474, 546, 569, 629, 661, 680, 728, 735, 780, 836, 861, 884, 946, 971, 974, 993, 998, 1019, 1029, 1039, 1063, 1121, 1137, 1139, 1231, 1283]

156:652302
156:None
156:None
156:None
156:[7198, 7259, 7292, 7296, 7318, 7358, 7409, 7412, 7436, 7550, 7563, 7579, 7641, 7676, 7700, 7714, 7726, 7753, 7789, 7804, 7839, 7890, 7897, 7911, 7931, 7978, 8046, 8089, 8172, 8215]

157:512350
157:None
157:None
157:None
157:[4083, 4105, 4163, 4184, 4191, 4234, 4264, 4304, 4429, 4438, 4484, 4512, 4603, 4651, 4778, 4805, 4810, 4818, 4865, 4874, 4911, 4926, 4979, 5016, 5068, 5089, 5090, 5149, 5207, 5256]

158:528
158:None
158:None
158:None
158:[11443, 11481, 11495, 11613, 11650, 11656, 11666, 11684, 11686, 11739, 11747, 11756, 11818, 11870, 11872, 11877, 11880, 11887, 11908, 11927, 11945, 11948, 11971, 12003, 12013, 12025, 12028, 12039, 12054, 12082]

159:591
159:None
159:None
159:None
159:[2749, 2755, 3015, 3021, 3051, 3084, 3157, 3195, 3256, 3259, 3292, 3318, 3332, 3386, 3439, 3462, 3466, 3612, 3657, 3731, 3827, 3835, 3836, 3842, 3920, 3947, 4027, 4028, 4128, 4130]

160:570
160:None
160:None
160:None
160:[1813, 1863, 1893, 1931, 1945, 1965, 1984, 1992, 2020, 2021, 2037, 2043, 2053, 2086, 2123, 2142, 2175, 2176, 2183, 2209, 2223, 2251, 2266, 2294, 2306, 2314, 2328, 2333, 2387, 2390]

161:531
161:None
161:None
161:None
161:[10764, 10766, 10771, 10846, 10847, 10938, 11411, 11529, 11532, 11544, 11574, 11589, 11643, 11677, 11956, 12094, 12129, 12215, 12221, 12330, 12381, 12455, 12548, 12574, 12623, 12669, 12735, 12818, 13115, 13118]

162:110099
162:None
162:None
162:None
162:[17227, 17314, 17496, 17593, 17603, 17759, 17815, 17851, 17855, 17878, 18011, 18042, 18059, 18194, 18237, 18287, 18356, 18389, 18399, 18410, 18449, 18456, 18496, 18618, 18634, 18648, 18721, 18814, 19017, 19064]

163:4362032
163:None
163:None
163:None
163:[3990, 3993, 3995, 4015, 4025, 4084, 4090, 4098, 4129, 4224, 4308, 4329, 4356, 4361, 4468, 4487, 4516, 4539, 4553, 4697, 4800, 4813, 4820, 4920, 4946, 4961, 5044, 5201, 5324, 5755]

164:202106
164:None
164:None
164:None
164:[17002, 17004, 17011, 17014, 17015, 17021, 17028, 17031, 17032, 17046, 17059, 17125, 17139, 17171, 17172, 17175, 17186, 17195, 17211, 17252, 17271, 17281, 17347, 17367, 17411, 17441, 17447, 17462, 17526, 17570]

165:316317
165:None
165:None
165:None
165:[2659, 2722, 2819, 2907, 2999, 3147, 3216, 3315, 3415, 3424, 3517, 3535, 3663, 3673, 3782, 3799, 3952, 4058, 4325, 4398, 4437, 4930, 4997, 5165, 5200, 5421, 5432, 5534, 5560, 5565]

166:436351
166:None
166:None
166:None
166:[5159, 5201, 5238, 5295, 5324, 5858, 5904, 6335, 6413, 6531, 6546, 6599, 6613, 6621, 6687, 6757, 6759, 6777, 6796, 6869, 7035, 7410, 7773, 7918, 8241, 8411, 8845, 9198, 9272, 9651]

167:421305
167:None
167:None
167:None
167:[1028, 1127, 1368, 1552, 1712, 1879, 2155, 2296, 2321, 2571, 2849, 2912, 3034, 3237, 3294, 3401, 3406, 3537, 3623, 3750, 3754, 3882, 3888, 3911, 4099, 4134, 4247, 4370, 4529, 4632]

168:433142
168:None
168:None
168:None
168:[12720, 12783, 12800, 12803, 12836, 12879, 13063, 13077, 13084, 13110, 13118, 13151, 13216, 13230, 13241, 13250, 13265, 13342, 13544, 13787, 13824, 13938, 14079, 14187, 14230, 14234, 14281, 14299, 14302, 14351]

169:572
169:None
169:None
169:None
169:[4090, 4098, 4129, 4224, 4308, 4329, 4356, 4361, 4468, 4487, 4516, 4539, 4553, 4697, 4800, 4813, 4820, 4920, 4946, 4961, 5044, 5201, 5324, 5755, 5909, 6005, 6191, 6244, 6262, 6421]

170:740264
170:None
170:None
170:None
170:[10398, 10534, 10767, 10852, 10855, 10857, 10862, 10944, 11050, 11057, 11278, 11281, 11295, 11306, 11307, 11405, 11474, 11483, 11546, 11629, 11703, 11742, 11746, 11889, 11957, 11966, 12049, 12137, 12196, 12207]

171:525
171:None
171:None
171:None
171:[2361, 2445, 2477, 2512, 2629, 2632, 2676, 2744, 2791, 2792, 2800, 2820, 2860, 2875, 2928, 2953, 2962, 3033, 3044, 3060, 3136, 3153, 3173, 3177, 3178, 3204, 3316, 3885, 3904, 3905]

172:431210
172:None
172:None
172:None
172:[6111, 6138, 6146, 6153, 6165, 6176, 6196, 6200, 6213, 6236, 6244, 6254, 6262, 6338, 6389, 6393, 6401, 6443, 6446, 6450, 6479, 6489, 6494, 6584, 6592, 6605, 6636, 6654, 6677, 6735]

173:536
173:None
173:None
173:None
173:[10212, 10234, 10248, 10275, 10291, 10401, 10430, 10470, 10503, 10549, 10554, 10567, 10711, 10726, 10764, 10766, 10771, 10790, 10846, 10860, 10884, 10890, 10938, 11005, 11104, 11311, 11529, 11539, 11589, 11643]

174:514877
174:None
174:None
174:None
174:[16185, 16186, 16205, 16206, 16207, 16208, 16210, 16211, 16212, 16213, 16215, 16216, 16217, 16218, 16219, 16220, 16221, 16222, 16223, 16224, 16226, 16227, 16228, 16229, 16230, 16231, 16232, 16258, 16262, 16268]

175:7023371
175:None
175:None
175:None
175:[6831, 6876, 6916, 6919, 6929, 6975, 6990, 7001, 7013, 7016, 7031, 7064, 7101, 7123, 7158, 7202, 7219, 7244, 7263, 7290, 7308, 7323, 7361, 7375, 7399, 7481, 7486, 7488, 7518, 7531]

176:7023372
176:None
176:None
176:None
176:[6680, 6684, 6775, 6780, 6798, 6831, 6876, 6916, 6919, 6929, 6975, 6990, 7001, 7013, 7016, 7031, 7064, 7101, 7123, 7158, 7202, 7219, 7244, 7263, 7290, 7308, 7323, 7361, 7375, 7399]

177:538
177:None
177:None
177:None
177:[4705, 4942, 4980, 5069, 5221, 5272, 5378, 5463, 5494, 5516, 5528, 5782, 5875, 5925, 6037, 6048, 6051, 6056, 6087, 6109, 6141, 6142, 6149, 6182, 6222, 6391, 6418, 6457, 6594, 6645]

178:730357
178:None
178:None
178:None
178:[1556, 1574, 1583, 1617, 1626, 1628, 1659, 1680, 1693, 1694, 1713, 1784, 1834, 1858, 1875, 1916, 1961, 1981, 1997, 2099, 2108, 2157, 2195, 2409, 2426, 2476, 2529, 2564, 2569, 2570]

179:730307
179:None
179:None
179:None
179:[3713, 3715, 3730, 3752, 3846, 3908, 3918, 3977, 3992, 4124, 4141, 4176, 4179, 4332, 4400, 4436, 4444, 4451, 4453, 4467, 4513, 4569, 4660, 4679, 4898, 4943, 4977, 4986, 5011, 5056]

180:131007
180:None
180:None
180:None
180:[15652, 15684, 15754, 15765, 15851, 16079, 16081, 16101, 16403, 16408, 16409, 16410, 16411, 16412, 16413, 16414, 16415, 16416, 16417, 16418, 16419, 16420, 16421, 16422, 16423, 16424, 16425, 16426, 16570, 16643]

181:5101102
181:None
181:None
181:None
181:[10729, 10773, 11540, 11565, 11652, 13137, 13328, 13641, 13644, 13652, 13653, 13665, 13675, 13676, 13680, 13683, 13697, 13706, 13710, 13712, 13830, 13834, 13836, 13837, 13866, 13867, 13869, 13883, 13923, 13930]

182:510111
182:None
182:None
182:None
182:[14619, 14634, 14639, 14650, 14651, 14676, 14682, 14687, 14709, 14719, 14740, 14747, 14749, 14756, 14763, 14764, 14781, 14783, 14804, 14805, 14806, 14813, 14852, 14862, 14864, 14923, 14951, 14959, 15025, 15078]

183:620143
183:None
183:None
183:None
183:[9813, 9819, 9901, 9994, 9998, 10038, 10055, 10099, 10104, 10132, 10146, 10265, 10279, 10297, 10335, 10346, 10355, 10360, 10371, 10372, 10425, 10439, 10479, 10531, 10536, 10646, 10678, 10694, 10725, 10727]

184:510594
184:None
184:None
184:None
184:[1355, 1357, 1374, 1383, 1388, 1389, 1394, 1395, 1396, 1398, 1401, 1408, 1409, 1412, 1413, 1414, 1415, 1419, 1422, 1425, 1428, 1432, 1434, 1438, 1441, 1442, 1449, 1452, 1458, 1468]

185:325201
185:None
185:None
185:None
185:[10044, 10118, 10198, 10221, 10597, 10647, 10662, 10670, 10696, 10707, 10894, 10897, 11074, 11084, 11102, 11142, 11166, 11309, 11378, 11509, 11604, 11606, 11692, 11765, 11849, 11937, 11938, 12067, 12114, 12127]

186:526201
186:None
186:None
186:None
186:[12792, 12815, 12858, 12870, 12890, 12915, 12978, 13065, 13093, 13123, 13152, 13204, 13210, 13229, 13235, 13237, 13262, 13277, 13304, 13323, 13349, 13394, 13397, 13429, 13453, 13480, 13481, 13500, 13526, 13746]

187:702137
187:None
187:None
187:None
187:[16957, 16978, 16994, 17044, 17064, 17066, 17072, 17085, 17099, 17173, 17417, 17440, 17444, 17513, 17520, 17524, 17527, 17554, 17723, 17728, 17753, 17786, 17795, 17809, 17842, 17877, 17901, 17957, 17985, 18002]

188:730393
188:None
188:None
188:None
188:[466, 473, 474, 482, 503, 506, 536, 543, 549, 551, 559, 575, 631, 680, 694, 697, 762, 775, 776, 819, 857, 875, 897, 915, 920, 946, 974, 998, 1003, 1006]

189:615102
189:None
189:None
189:None
189:[16685, 16698, 16700, 16706, 16744, 16745, 16750, 16758, 16765, 16766, 16776, 16783, 16792, 16800, 16804, 16813, 16830, 16950, 17042, 17090, 17103, 17130, 17134, 17147, 17152, 17156, 17201, 17206, 17240, 17345]

190:306302
190:None
190:None
190:None
190:[5247, 5257, 5281, 5330, 5440, 5565, 5586, 5607, 5612, 5615, 5619, 5628, 5635, 5641, 5643, 5647, 5650, 5655, 5656, 5657, 5658, 5662, 5670, 5675, 5686, 5688, 5692, 5698, 5745, 5764]

191:433351
191:None
191:None
191:None
191:[5196, 5215, 5222, 5265, 5459, 5499, 5589, 5601, 5642, 5715, 5800, 5876, 5892, 5899, 5999, 6029, 6052, 6086, 6229, 6257, 6259, 6264, 6347, 6627, 6631, 6643, 6662, 6682, 6704, 6722]

